25.473,   -28.25,   -0.0270000000001,   
19.908,   -21.45,   -0.362,   
13.883,   -14.86,   -0.457,   
18.823,   -28.745,   -6.277,   
13.148,   -21.725,   -6.612,   
7.593,   -15.185,   -6.697,   
13.263,   -28.4,   -12.937,   
7.458,   -21.85,   -12.892,   
1.863,   -15.17,   -12.947,   
25.178,   -22.69,   6.098,   
19.603,   -16.29,   6.203,   
13.868,   -9.31,   5.648,   
18.708,   -22.885,   -0.572,   
13.493,   -16.065,   -0.687,   
7.858,   -9.695,   -0.982,   
13.248,   -22.35,   -7.402,   
7.353,   -16.01,   -6.867,   
1.878,   -9.13,   -7.202,   
25.193,   -16.34,   11.623,   
18.948,   -9.87,   11.728,   
13.183,   -3.19,   11.783,   
18.783,   -16.255,   4.923,   
13.178,   -9.595,   4.898,   
7.443,   -3.275,   5.133,   
12.473,   -16.55,   -1.357,   
7.578,   -10.19,   -1.742,   
1.983,   -3.46,   -1.557,   
-12.187,   -4.593,   -3.359,   
-10.302,   -3.508,   -3.069,   
-6.867,   -1.933,   -3.469,   
-13.532,   -5.113,   -5.104,   
-10.967,   -3.638,   -4.844,   
-7.882,   -2.033,   -4.464,   
-13.697,   -4.273,   -5.889,   
-11.742,   -3.378,   -6.389,   
-8.567,   -2.383,   -5.619,   
-12.277,   -4.388,   -6.309,   
-9.562,   -2.253,   -6.799,   
-6.717,   -1.358,   -6.109,   
-12.992,   -4.038,   -7.344,   
-10.507,   -2.743,   -7.664,   
-7.682,   -1.208,   -8.054,   
-14.507,   -4.378,   -8.699,   
-10.982,   -2.703,   -9.089,   
-8.777,   -1.928,   -8.869,   
-12.607,   -3.463,   -9.329,   
-9.552,   -1.878,   -8.889,   
-6.867,   -0.673,   -9.519,   
-13.392,   -3.023,   -11.004,   
-10.777,   -2.168,   -10.954,   
-7.502,   -0.963,   -10.214,   
-14.257,   -2.843,   -12.189,   
-10.812,   -1.908,   -12.209,   
-8.427,   -1.073,   -11.919,   
11.594,   -17.827,   -4.379,   
9.899,   -14.452,   -4.509,   
7.794,   -11.407,   -3.719,   
12.634,   -17.677,   -7.549,   
10.989,   -14.262,   -7.309,   
9.494,   -10.647,   -6.819,   
13.814,   -17.417,   -9.789,   
12.339,   -14.212,   -10.139,   
10.934,   -10.577,   -10.489,   
11.704,   -19.002,   -2.494,   
9.669,   -15.237,   -2.634,   
7.884,   -12.302,   -1.884,   
12.694,   -18.922,   -5.844,   
11.289,   -15.217,   -4.884,   
8.824,   -12.722,   -5.334,   
14.424,   -18.692,   -8.604,   
12.709,   -15.187,   -8.034,   
11.044,   -11.782,   -8.544,   
11.354,   -20.017,   -0.139,   
9.369,   -16.652,   -0.759,   
8.194,   -13.757,   -0.079,   
12.974,   -19.697,   -3.559,   
11.419,   -17.132,   -3.279,   
9.324,   -13.207,   -3.169,   
14.254,   -19.757,   -6.669,   
11.909,   -17.002,   -6.269,   
10.964,   -13.617,   -6.439,   
-17.716,   -12.823,   -8.752,   
-16.316,   -8.273,   -9.252,   
-15.186,   -4.553,   -8.742,   
-24.176,   -12.833,   -13.107,   
-23.346,   -8.633,   -12.897,   
-21.156,   -4.423,   -13.677,   
-30.606,   -13.303,   -17.132,   
-29.166,   -8.533,   -17.982,   
-27.826,   -4.533,   -18.012,   
-17.526,   -6.013,   -10.442,   
-16.396,   -2.543,   -9.912,   
-14.696,   2.357,   -10.492,   
-24.256,   -6.523,   -14.997,   
-22.366,   -1.693,   -14.987,   
-21.626,   2.027,   -14.757,   
-31.316,   -6.053,   -19.002,   
-28.856,   -2.153,   -18.742,   
-28.176,   2.407,   -19.042,   
-17.386,   -0.333,   -12.012,   
-16.256,   4.577,   -12.092,   
-14.726,   9.077,   -11.702,   
-24.066,   0.287,   -16.457,   
-22.606,   4.397,   -16.357,   
-21.556,   9.377,   -16.407,   
-31.126,   -0.153,   -20.932,   
-28.966,   4.927,   -20.052,   
-28.016,   9.217,   -20.572,   
2.993,   -22.81,   -2.721,   
1.518,   -16.705,   -2.851,   
0.253,   -11.03,   -2.191,   
-1.137,   -22.84,   -8.596,   
-2.762,   -16.545,   -8.056,   
-3.527,   -11.1,   -8.076,   
-5.787,   -22.46,   -14.071,   
-7.232,   -16.905,   -14.591,   
-7.907,   -11.22,   -13.611,   
2.243,   -18.775,   -1.691,   
1.298,   -12.16,   -1.831,   
-0.107,   -6.375,   -1.781,   
-1.137,   -18.535,   -7.716,   
-2.562,   -12.14,   -7.716,   
-3.627,   -6.765,   -7.356,   
-5.197,   -18.635,   -13.421,   
-6.452,   -12.63,   -13.321,   
-8.087,   -6.915,   -12.691,   
2.223,   -14.11,   -0.151,   
1.618,   -8.475,   -0.341,   
0.573,   -2.44,   -0.231,   
-1.107,   -14.06,   -6.036,   
-2.202,   -8.775,   -6.096,   
-3.827,   -3.09,   -6.116,   
-6.027,   -14.03,   -11.861,   
-6.482,   -8.635,   -12.311,   
-8.307,   -2.64,   -11.941,   
10.458,   6.795,   6.094,   
6.513,   7.625,   6.154,   
2.428,   8.695,   5.364,   
4.113,   6.425,   4.974,   
0.268,   7.925,   4.704,   
-2.617,   8.975,   4.464,   
-1.672,   7.305,   4.084,   
-5.557,   7.955,   3.984,   
-8.532,   8.605,   4.404,   
10.498,   13.125,   9.819,   
6.283,   14.065,   9.419,   
2.438,   14.745,   9.669,   
3.963,   12.685,   8.439,   
1.208,   14.205,   8.169,   
-2.757,   14.745,   8.259,   
-1.512,   12.765,   7.249,   
-5.147,   13.885,   8.159,   
-8.612,   14.775,   8.159,   
10.698,   19.075,   13.344,   
6.503,   19.615,   13.094,   
2.628,   20.795,   13.484,   
4.573,   18.795,   12.224,   
1.148,   19.425,   12.314,   
-2.667,   20.475,   12.244,   
-0.912,   18.465,   11.724,   
-5.437,   19.825,   11.434,   
-8.752,   21.125,   11.134,   
-12.906,   23.739,   4.257,   
-9.461,   19.159,   4.437,   
-7.006,   13.669,   4.527,   
-10.671,   24.349,   9.877,   
-7.356,   19.119,   9.577,   
-4.191,   13.259,   9.307,   
-8.616,   24.239,   14.617,   
-5.461,   18.399,   15.387,   
-1.996,   13.029,   15.647,   
-13.556,   21.584,   0.287,   
-10.291,   16.364,   0.937,   
-6.876,   11.094,   0.847,   
-10.591,   21.614,   5.867,   
-7.956,   16.754,   5.767,   
-4.591,   10.894,   6.587,   
-8.246,   22.104,   11.517,   
-4.961,   16.374,   11.417,   
-2.116,   10.684,   11.837,   
-13.606,   19.349,   -2.323,   
-9.361,   13.779,   -2.843,   
-6.646,   9.189,   -2.903,   
-11.151,   19.539,   2.547,   
-7.236,   13.959,   2.927,   
-4.301,   8.999,   3.247,   
-8.156,   20.119,   8.437,   
-4.921,   14.279,   8.657,   
-2.216,   8.299,   8.407,   
43.119,   1.007,   20.363,   
36.054,   -2.713,   20.018,   
28.509,   -6.473,   20.023,   
50.194,   0.552,   23.168,   
43.139,   -2.548,   23.273,   
36.034,   -6.288,   23.398,   
58.149,   1.217,   27.073,   
50.674,   -2.923,   27.068,   
43.659,   -6.513,   27.023,   
42.934,   -6.483,   27.378,   
36.159,   -10.143,   27.053,   
28.354,   -13.143,   26.878,   
50.669,   -6.458,   30.363,   
43.504,   -10.458,   31.118,   
36.129,   -13.948,   30.313,   
57.974,   -6.823,   34.748,   
50.369,   -9.733,   34.153,   
43.754,   -14.143,   34.768,   
43.069,   -14.003,   34.413,   
35.504,   -16.953,   34.508,   
28.959,   -21.233,   34.813,   
50.564,   -14.108,   38.468,   
42.839,   -17.158,   37.643,   
36.054,   -21.418,   37.718,   
57.549,   -14.133,   41.913,   
50.594,   -17.193,   41.358,   
43.159,   -21.063,   41.153,   
Average difference: 12.370037037