10.152542,   -26.031305,   -6.019164,   
36.686417,   -1.40643,   7.409586,   
46.650292,   22.688445,   18.858336,   
12.291542,   -5.15693,   17.392836,   
6.245417,   -2.422055,   17.151586,   
0.789292,   4.74282,   8.680336,   
4.010542,   14.517445,   30.924836,   
-29.835583,   -3.71768,   21.383586,   
-45.711708,   -13.092805,   0.332336,   
10.886167,   1.630945,   4.909086,   
14.150042,   13.89582,   0.787836,   
7.523917,   20.840695,   4.426586,   
20.565167,   15.48532,   31.241086,   
-1.130958,   15.110195,   29.969836,   
-21.727083,   8.26507,   18.508586,   
17.644167,   21.479695,   36.383086,   
-16.951958,   10.53457,   40.221836,   
-41.118083,   -5.210555,   23.730586,   
10.149792,   26.763195,   8.017336,   
-5.366333,   25.01807,   -3.973914,   
-25.792458,   18.682945,   -4.795164,   
20.608792,   25.86757,   24.669336,   
-5.887333,   25.722445,   29.898086,   
-32.453458,   15.96732,   25.736836,   
21.077792,   15.271945,   21.631336,   
-3.348333,   17.93682,   40.920086,   
-24.664458,   9.131695,   39.058836,   
55.723362,   15.151724,   18.477356,   
46.891362,   18.498724,   28.711606,   
27.179362,   -4.894276,   33.755856,   
15.451112,   -1.835776,   9.097356,   
14.899112,   2.081224,   -0.518394,   
21.307112,   -4.651776,   -4.574144,   
-26.041138,   -19.063276,   0.677356,   
-15.543138,   -14.456276,   -22.558394,   
14.694862,   -2.539276,   -35.284144,   
17.208737,   9.690974,   6.494356,   
6.416737,   3.117974,   17.418606,   
0.544737,   -14.475026,   30.462856,   
-6.333513,   -2.246526,   21.584356,   
-12.055513,   -12.279526,   8.108606,   
3.182487,   -21.702526,   0.242856,   
-21.455763,   -15.754026,   25.724356,   
-18.327763,   -25.487026,   -0.831394,   
11.920237,   -23.810026,   -23.337144,   
-15.085888,   3.550224,   0.671356,   
-30.597888,   -3.702776,   7.455606,   
-29.669888,   -6.505776,   16.659856,   
-16.098138,   0.882724,   31.481356,   
-26.170138,   -11.590276,   19.975606,   
-10.832138,   -17.923276,   5.949856,   
-4.190388,   -6.514776,   42.801356,   
-6.572388,   -20.617776,   24.045606,   
14.545612,   -29.270776,   -2.080144,   
-4.228974,   -31.002768,   5.749779,   
-31.509474,   -40.444768,   -3.779971,   
-40.919974,   -40.196768,   -24.489721,   
-15.617974,   -32.350018,   -14.178846,   
-45.378474,   -45.212018,   -20.428596,   
-52.798974,   -47.854018,   -33.708346,   
-27.776974,   -57.417268,   -53.847471,   
-30.387474,   -54.109268,   -48.017221,   
-21.817974,   -44.741268,   -36.676971,   
8.487776,   -31.318268,   7.250154,   
-21.642724,   -34.110268,   10.620404,   
-40.693224,   -41.102268,   -7.029346,   
-1.491224,   -41.815518,   -17.768471,   
-24.901724,   -44.297518,   -13.708221,   
-34.242224,   -47.909518,   -23.287971,   
-17.030224,   -69.962768,   -53.947096,   
-14.600724,   -57.124768,   -54.946846,   
-4.201224,   -43.026768,   -47.836596,   
11.594526,   -44.683768,   -11.299471,   
-8.955974,   -33.955768,   7.580779,   
-26.506474,   -35.557768,   4.491029,   
12.385526,   -57.091018,   -31.448096,   
1.345026,   -46.583018,   -18.507846,   
-5.175474,   -43.725018,   -18.917596,   
6.886526,   -70.098268,   -51.776721,   
9.886026,   -57.850268,   -60.706471,   
16.255526,   -45.522268,   -59.856221,   
-12.38076,   -10.676731,   2.773582,   
-5.47401,   -7.941981,   -20.015043,   
21.14274,   0.642769,   -32.463668,   
-24.57226,   -17.700606,   2.843082,   
-9.03551,   -14.075856,   -12.925543,   
25.74124,   2.008894,   -25.024168,   
4.85624,   -14.804481,   4.542582,   
20.51299,   -9.269731,   16.093957,   
38.67974,   1.025019,   18.465332,   
-9.58501,   -7.989106,   30.671207,   
-9.91826,   -19.844356,   4.872582,   
16.57849,   -20.939606,   -17.386043,   
-4.32651,   -14.312981,   21.930707,   
4.49024,   -21.058231,   4.392082,   
34.40699,   -17.113481,   -13.516543,   
21.93199,   -11.146856,   1.420207,   
35.92874,   -8.972106,   10.991582,   
53.34549,   -8.317356,   17.682957,   
6.17074,   0.348519,   49.808832,   
0.42749,   -15.216731,   31.610207,   
18.78424,   -25.801981,   5.961582,   
25.00924,   -8.145356,   33.888332,   
25.65599,   -19.560606,   22.199707,   
42.52274,   -28.745856,   4.991082,   
42.48774,   -11.999231,   -0.472168,   
46.20449,   -14.874481,   4.709207,   
53.85124,   -21.379731,   12.530582,   
39.071037,   35.415329,   15.279038,   
19.551162,   31.756329,   3.782163,   
-5.888713,   22.487329,   2.925288,   
52.765912,   35.278329,   35.369913,   
21.636037,   31.869329,   41.003038,   
-10.053838,   18.720329,   36.256163,   
55.860787,   25.611329,   35.110788,   
26.170912,   23.932329,   53.793913,   
-0.468963,   11.163329,   51.337038,   
41.822912,   37.078329,   4.743913,   
22.783037,   26.169329,   2.207038,   
-5.316838,   17.500329,   4.640163,   
42.047787,   26.191329,   13.884788,   
22.407912,   26.502329,   26.957913,   
2.348037,   25.673329,   34.051038,   
40.362662,   12.654329,   18.495663,   
27.582787,   20.655329,   39.418788,   
18.392912,   23.596329,   48.451913,   
44.944787,   15.801329,   -24.161212,   
46.164912,   8.422329,   -4.298087,   
29.035037,   11.903329,   9.455038,   
20.159662,   5.434329,   -15.390337,   
23.479787,   7.135329,   -0.137212,   
28.029912,   25.866329,   16.975913,   
6.454537,   4.407329,   9.580538,   
10.264662,   7.458329,   15.473663,   
27.664787,   25.959329,   26.526788,   
-19.160776,   33.771216,   -5.000962,   
-33.450276,   24.824216,   3.042413,   
-32.399776,   19.417216,   13.625788,   
-33.065776,   30.588716,   26.339038,   
-42.785276,   16.681716,   15.282413,   
-26.774776,   8.914716,   1.615788,   
-32.450776,   23.696216,   39.909038,   
-34.630276,   8.059216,   20.902413,   
-12.789776,   -1.737784,   -5.154212,   
-19.689276,   36.747466,   -6.635337,   
-42.008776,   38.450466,   -4.401962,   
-49.428276,   47.603466,   -7.298587,   
-21.854276,   44.684966,   19.974663,   
-30.853776,   44.007966,   16.368038,   
-25.553276,   42.060966,   2.181413,   
-14.959276,   44.442466,   32.484663,   
-11.668776,   37.895466,   28.528038,   
-0.418276,   23.738466,   13.521413,   
13.122224,   38.503716,   -2.939712,   
-16.537276,   53.366716,   -8.156337,   
-45.356776,   67.739716,   -31.622962,   
4.557224,   52.071216,   0.760288,   
1.497724,   72.064216,   7.593663,   
-10.211776,   76.657216,   -1.922962,   
-5.757776,   54.528716,   6.590288,   
11.892724,   68.291716,   19.303663,   
15.713224,   61.384716,   26.587038,   
10.393608,   45.627272,   19.587592,   
-15.216392,   43.664772,   37.415092,   
-37.326392,   29.832272,   33.952592,   
-1.230392,   32.601272,   9.031592,   
-16.270392,   31.318772,   21.959092,   
-27.210392,   23.076272,   21.206592,   
-18.734392,   20.065272,   1.955592,   
-19.924392,   19.292772,   -7.806908,   
-17.694392,   21.000272,   -9.829408,   
-5.772892,   39.566272,   -2.683408,   
-13.962892,   47.573772,   18.344092,   
-18.772892,   49.991272,   26.891592,   
-3.806892,   38.610272,   1.130592,   
-7.276892,   39.827772,   13.418092,   
-8.436892,   36.575272,   17.605592,   
8.059108,   53.134272,   9.124592,   
2.169108,   35.391772,   1.182092,   
-6.480892,   18.549272,   -3.970408,   
-39.489392,   34.925272,   -20.654408,   
-28.159392,   41.592772,   -12.616908,   
-6.119392,   61.450272,   0.190592,   
-25.463392,   54.579272,   2.239592,   
-20.323392,   43.326772,   2.417092,   
-6.483392,   40.924272,   6.334592,   
22.642608,   92.973272,   14.183592,   
12.862608,   49.710772,   16.361092,   
-3.927392,   7.928272,   14.608592,   
-24.535307,   2.665571,   26.499869,   
-27.527807,   -7.790429,   6.837244,   
-5.680307,   -12.376429,   -18.995381,   
-15.527182,   -4.887054,   7.019619,   
-11.729682,   -11.593054,   -5.853006,   
8.977818,   -14.939054,   -24.765631,   
-6.459057,   -8.059679,   -31.400631,   
0.408443,   -6.785679,   -26.503256,   
12.075943,   -8.321679,   -21.005881,   
-7.059307,   21.964571,   19.985619,   
-5.561807,   20.218571,   14.702994,   
6.035693,   12.102571,   -1.969631,   
3.078818,   9.381946,   4.765369,   
7.056318,   4.125946,   2.022744,   
17.883818,   -4.560054,   -6.149881,   
5.516943,   -9.340679,   -24.024881,   
1.164443,   -14.466679,   -23.977506,   
4.141943,   -11.302679,   -20.300131,   
4.076693,   31.353571,   -6.178631,   
20.104193,   49.787571,   5.368744,   
22.861693,   48.201571,   9.706119,   
4.224818,   14.100946,   -6.248881,   
18.162318,   19.574946,   2.798494,   
24.789818,   19.618946,   12.965869,   
8.262943,   -18.011679,   -4.949131,   
-3.139557,   -27.207679,   -7.821756,   
-5.992057,   -9.113679,   -9.304381,   
Average difference: 20.5252808241