17.007657,   -28.278035,   2.977641,   
8.857032,   -27.42916,   -2.619984,   
1.916407,   -23.840285,   -4.597609,   
12.633532,   -27.53366,   -6.369734,   
6.312907,   -21.154785,   -8.677359,   
-1.277718,   -15.75591,   -9.234984,   
5.919407,   -26.579285,   -13.337109,   
2.898782,   -15.02041,   -12.044734,   
-2.961843,   -7.651535,   -12.122359,   
23.918532,   -21.48066,   5.782266,   
13.827907,   -17.931785,   1.764641,   
4.467282,   -11.48291,   -0.932984,   
15.374407,   -18.876285,   -3.205109,   
7.143782,   -11.83741,   -4.242734,   
-0.706843,   -6.448535,   -5.250359,   
4.730282,   -16.14191,   -8.362484,   
0.129657,   -6.133035,   -8.450109,   
-4.900968,   -1.47416,   -9.977734,   
26.329407,   -12.743285,   8.266891,   
17.068782,   -6.23441,   7.229266,   
7.478157,   1.804465,   5.381641,   
14.985282,   -10.22891,   2.049516,   
5.974657,   -4.130035,   1.571891,   
-0.995968,   0.47884,   -0.255734,   
2.861157,   -6.994535,   -1.437859,   
-3.779468,   -1.91566,   -4.275484,   
-7.870093,   -0.666785,   -8.343109,   
3.142442,   17.88319,   -1.653314,   
1.125817,   13.19769,   0.618436,   
1.769192,   10.84219,   4.730186,   
4.368942,   26.19869,   4.740186,   
-0.247683,   19.47319,   6.401936,   
-2.744308,   11.25769,   9.613686,   
6.655442,   34.17419,   12.973686,   
1.728817,   25.75869,   12.495436,   
-2.957808,   12.04319,   13.037186,   
5.782692,   26.06869,   -0.177314,   
3.656067,   22.21319,   -0.185564,   
6.359442,   17.81769,   1.696186,   
4.799192,   31.79419,   6.536186,   
2.492567,   23.97869,   5.607936,   
3.475942,   14.45319,   4.749686,   
4.515692,   37.34969,   13.219686,   
2.189067,   26.88419,   10.831436,   
0.622442,   13.70869,   8.713186,   
8.672942,   35.27419,   3.898686,   
6.136317,   31.11869,   2.690436,   
8.709692,   24.70319,   2.632186,   
4.139442,   34.70969,   9.102186,   
4.262817,   26.66419,   6.063936,   
7.956192,   18.40869,   2.825686,   
1.145942,   34.71519,   12.575686,   
1.909317,   24.23969,   8.127436,   
4.032692,   15.94419,   4.839186,   
26.739996,   -23.015014,   -5.970422,   
23.970996,   -13.424014,   -4.652422,   
18.381996,   -7.673014,   -4.584422,   
28.778996,   -21.560264,   -7.535172,   
28.229996,   -10.809264,   -4.777172,   
25.570996,   -4.158264,   -6.289172,   
30.577996,   -19.385514,   -7.319922,   
29.698996,   -12.054514,   -5.461922,   
29.219996,   -6.403514,   -9.593922,   
25.718246,   -23.157139,   -1.203547,   
21.469246,   -14.736139,   -1.055547,   
16.690246,   -11.585139,   -2.347547,   
27.857246,   -23.002389,   -0.568297,   
25.868246,   -13.991389,   -1.790297,   
22.599246,   -9.680389,   -5.452297,   
32.506246,   -25.217639,   0.716953,   
30.447246,   -18.556639,   -2.505047,   
27.028246,   -12.225639,   -8.557047,   
23.956496,   -24.329264,   5.743328,   
17.657496,   -20.738264,   3.031328,   
13.738496,   -21.237264,   -0.980672,   
28.105496,   -24.544514,   5.528578,   
23.626496,   -21.483514,   0.096578,   
19.187496,   -21.292514,   -5.905422,   
36.194496,   -28.459764,   3.963828,   
32.385496,   -25.768764,   -1.988172,   
25.386496,   -21.697764,   -7.860172,   
-25.205848,   19.570032,   -6.475604,   
-25.549348,   15.423032,   -6.645354,   
-25.322848,   6.636032,   -5.415104,   
-28.254098,   23.137782,   -3.384854,   
-26.227598,   18.280782,   -6.724604,   
-25.611098,   6.993782,   -8.624354,   
-35.062348,   20.905532,   -1.864104,   
-29.455848,   16.828532,   -8.123854,   
-25.989348,   7.231532,   -12.623604,   
-27.110848,   25.790032,   -11.058104,   
-24.564348,   19.743032,   -13.147854,   
-21.137848,   11.396032,   -14.797604,   
-31.279098,   27.697782,   -9.567354,   
-28.862598,   22.480782,   -13.107104,   
-26.876098,   14.143782,   -14.316854,   
-36.807348,   24.835532,   -8.076604,   
-34.620848,   23.958532,   -12.506354,   
-32.574348,   19.651532,   -12.606104,   
-30.125848,   26.400032,   -16.540604,   
-24.139348,   20.803032,   -20.690354,   
-16.972848,   17.226032,   -23.760104,   
-34.804098,   26.067782,   -17.039854,   
-31.317598,   22.500782,   -21.189604,   
-26.991098,   21.743782,   -21.969354,   
-38.452348,   25.255532,   -14.739104,   
-39.175848,   27.488532,   -17.628854,   
-37.719348,   31.421532,   -15.858604,   
26.25365,   2.84004,   5.831744,   
16.690525,   4.59254,   4.773744,   
7.2774,   7.75504,   3.095744,   
16.6274,   5.71879,   4.191244,   
7.794275,   7.28129,   3.683244,   
1.18115,   6.93379,   1.825244,   
6.66115,   8.85754,   5.420744,   
0.448025,   9.78004,   2.722744,   
-3.4751,   6.50254,   -1.315256,   
21.8844,   9.92704,   9.089744,   
15.801275,   13.02954,   9.751744,   
9.05815,   15.44204,   9.173744,   
12.17815,   10.93579,   10.689244,   
4.825025,   9.73829,   9.631244,   
0.4519,   8.09079,   7.203244,   
4.7719,   13.16454,   11.998744,   
-2.521225,   7.65704,   7.630744,   
-5.65435,   2.05954,   2.472744,   
12.83515,   15.22404,   13.197744,   
11.702025,   18.07654,   12.929744,   
9.5089,   18.59904,   12.861744,   
5.8089,   13.37279,   16.617244,   
1.995775,   9.48529,   14.329244,   
0.62265,   7.56779,   12.331244,   
3.74265,   13.72154,   16.236744,   
-3.060475,   3.49404,   12.808744,   
-5.4336,   -1.47346,   9.490744,   
27.817828,   26.949815,   17.464053,   
20.547328,   21.40569,   16.309678,   
18.316828,   13.581565,   16.155303,   
28.924703,   26.76919,   23.870928,   
24.024203,   17.095065,   20.836553,   
22.583703,   7.27094,   17.562178,   
31.541578,   27.378565,   28.877803,   
26.921078,   15.27444,   24.483428,   
23.600578,   5.230315,   21.259053,   
29.350453,   27.383815,   26.505303,   
21.709953,   20.56969,   25.860928,   
16.889453,   12.115565,   25.806553,   
27.827328,   20.58319,   32.052178,   
24.276828,   12.219065,   29.107803,   
22.946328,   6.50494,   27.073428,   
28.954203,   15.782565,   35.329053,   
26.453703,   6.49844,   30.834678,   
25.643203,   3.924315,   28.920303,   
29.393078,   23.277815,   33.136553,   
21.622578,   15.59369,   34.652178,   
12.662078,   8.449565,   37.327803,   
27.599953,   12.16719,   40.033428,   
24.169453,   6.863065,   39.779053,   
20.658953,   6.50894,   42.134678,   
28.756828,   4.196565,   44.740303,   
27.166328,   -0.15756,   42.795928,   
27.455828,   4.258315,   43.931553,   
-39.033806,   9.818984,   -7.215738,   
-35.231056,   10.636984,   -9.686738,   
-29.238306,   7.484984,   -13.337738,   
-44.623056,   9.814984,   -3.750238,   
-38.970306,   10.042984,   -8.921238,   
-33.147556,   7.490984,   -14.652238,   
-45.882306,   6.080984,   -1.454738,   
-39.789556,   5.558984,   -7.415738,   
-36.486806,   6.496984,   -13.366738,   
-41.438806,   14.539984,   -10.526488,   
-38.546056,   9.167984,   -14.867488,   
-31.483306,   3.775984,   -19.998488,   
-43.398056,   15.355984,   -10.480988,   
-40.655306,   8.353984,   -16.451988,   
-35.862556,   2.701984,   -22.552988,   
-41.467306,   13.901984,   -13.055488,   
-39.164556,   8.529984,   -17.106488,   
-38.811806,   6.207984,   -21.197488,   
-43.163806,   14.990984,   -15.907238,   
-39.541056,   5.028984,   -19.678238,   
-31.488306,   0.426984,   -23.369238,   
-41.513056,   17.316984,   -20.021738,   
-41.050306,   5.574984,   -22.262738,   
-36.487556,   -0.00701600000002,   -25.613738,   
-38.802306,   21.012984,   -26.856238,   
-40.749556,   13.110984,   -24.827238,   
-40.996806,   8.908984,   -25.778238,   
18.365375,   -22.405795,   -2.006795,   
16.549125,   -23.082045,   -6.113045,   
16.192875,   -21.818295,   -9.239295,   
24.226625,   -22.33017,   -7.48117,   
19.900375,   -21.00642,   -11.68742,   
16.564125,   -17.37267,   -12.60367,   
30.697875,   -23.404545,   -10.405545,   
22.631625,   -16.160795,   -13.451795,   
16.515375,   -7.957045,   -11.748045,   
15.944125,   -35.845795,   2.093205,   
16.367875,   -33.232045,   -1.963045,   
18.201625,   -24.608295,   -3.609295,   
21.645375,   -36.48017,   -4.63117,   
18.889125,   -31.95642,   -8.75742,   
18.812875,   -20.26267,   -9.39367,   
28.876625,   -33.054545,   -7.565545,   
20.580375,   -24.460795,   -10.441795,   
17.254125,   -10.817045,   -10.548045,   
15.842875,   -49.275795,   9.153205,   
17.056625,   -41.322045,   7.726955,   
19.350375,   -25.658295,   9.520705,   
20.934125,   -48.50017,   2.67883,   
20.487875,   -40.39642,   -0.0774200000002,   
24.101625,   -23.84267,   -0.75367,   
26.695375,   -39.064545,   -1.845545,   
21.889125,   -31.920795,   -5.451795,   
24.242875,   -18.997045,   -9.918045,   
Average difference: 15.9665090448