22.55898,   -24.87138,   -6.38672,   
16.73448,   -18.30963,   -3.29147,   
9.89998,   -17.15788,   0.34378,   
21.42348,   -32.46713,   -11.42597,   
14.62898,   -21.91538,   -9.05072,   
8.78448,   -13.10363,   -6.39547,   
20.23798,   -40.73288,   -17.43522,   
13.22348,   -26.04113,   -16.00997,   
6.94898,   -9.83938,   -14.83472,   
21.31073,   -30.74863,   5.84828,   
15.36623,   -20.79688,   3.96353,   
9.05173,   -13.53513,   2.42878,   
22.79523,   -33.75438,   0.87903,   
15.63073,   -21.03263,   0.25428,   
8.66623,   -9.42088,   -1.18047,   
22.26973,   -35.98013,   -7.39022,   
14.37523,   -23.03838,   -6.84497,   
7.18073,   -9.34663,   -7.89972,   
20.18248,   -35.87588,   15.97328,   
14.05798,   -23.27413,   10.36853,   
8.63348,   -11.49238,   5.82378,   
22.18698,   -35.10163,   8.67403,   
15.85248,   -21.99988,   6.83928,   
8.90798,   -9.32813,   3.46453,   
21.59148,   -31.43738,   -0.93522,   
14.74698,   -22.41563,   -0.26997,   
7.70248,   -12.26388,   -1.82472,   
-26.299266,   -4.923024,   -5.759858,   
-21.763016,   -10.186774,   -3.595358,   
-14.906766,   -13.920524,   -4.210858,   
-25.292516,   -1.056024,   -8.041108,   
-18.426266,   -0.469774,   -7.216608,   
-9.840016,   -3.123524,   -9.162108,   
-24.225766,   0.860976,   -11.382358,   
-17.239516,   7.047226,   -11.917858,   
-8.383266,   4.983476,   -14.403358,   
-27.323016,   -4.119274,   -12.990858,   
-22.116766,   -5.873024,   -12.236358,   
-14.960516,   -9.616774,   -10.441858,   
-24.856266,   -0.242274,   -12.182108,   
-19.240016,   0.603976,   -14.517608,   
-11.163766,   -3.849774,   -17.143108,   
-23.569516,   -0.825274,   -14.703358,   
-17.593266,   3.720976,   -17.828858,   
-8.257016,   1.857226,   -23.074358,   
-27.496766,   -5.105524,   -19.871858,   
-21.970516,   -4.209274,   -20.107358,   
-14.744266,   -7.713024,   -16.102858,   
-24.790016,   -3.648524,   -17.513108,   
-19.583766,   -1.592274,   -20.778608,   
-12.057516,   -5.236024,   -24.104108,   
-22.893266,   -6.851524,   -18.344358,   
-17.487016,   -2.565274,   -23.079858,   
-9.080766,   -0.659024,   -30.005358,   
33.153379,   -43.140482,   -5.290587,   
24.385754,   -29.452982,   -3.907837,   
15.978129,   -13.325482,   -2.485087,   
31.571129,   -46.946732,   -13.537962,   
22.673504,   -31.299232,   -12.485212,   
13.155879,   -13.881732,   -11.242462,   
29.458879,   -43.382982,   -23.275337,   
21.351254,   -29.765482,   -20.872587,   
10.843629,   -17.897982,   -18.509837,   
35.559004,   -37.361482,   7.077413,   
25.921379,   -25.013982,   7.360163,   
16.613754,   -10.926482,   6.082913,   
30.386754,   -37.287732,   -4.739962,   
21.659129,   -26.970232,   -3.557212,   
13.351504,   -15.112732,   -3.604462,   
22.724504,   -34.923982,   -17.277337,   
16.286879,   -28.386482,   -16.254587,   
10.459254,   -20.788982,   -14.551837,   
35.114629,   -31.812482,   15.395413,   
26.517004,   -22.574982,   15.858163,   
17.399379,   -12.157482,   14.040913,   
28.882379,   -28.108732,   3.718038,   
21.104754,   -23.491232,   4.830788,   
14.027129,   -17.253732,   4.293538,   
19.650129,   -26.044982,   -7.259337,   
14.202504,   -24.407482,   -7.846587,   
10.164879,   -21.259982,   -8.413837,   
13.734785,   11.150231,   2.357933,   
10.751035,   14.562106,   2.222433,   
9.717285,   10.573981,   -0.483067,   
8.271035,   10.499481,   0.874183,   
2.967285,   14.341356,   1.158683,   
-0.426465,   9.863231,   0.183183,   
3.237285,   6.898731,   0.540433,   
-5.166465,   6.790606,   3.484933,   
-12.290215,   0.822481,   5.239433,   
14.50166,   16.930731,   9.865058,   
10.34791,   18.842606,   6.469558,   
9.27416,   14.594481,   1.364058,   
8.20791,   12.469981,   6.651308,   
4.10416,   16.001856,   5.245808,   
1.77041,   16.103731,   2.180308,   
2.25416,   7.009231,   2.697558,   
-2.12959,   9.491106,   4.442058,   
-7.35334,   13.282981,   6.026558,   
15.198535,   18.991231,   16.232183,   
10.244785,   20.293106,   11.756683,   
7.931035,   19.344981,   5.121183,   
8.624785,   13.950481,   13.108433,   
4.841035,   16.762356,   10.102933,   
1.627285,   22.214231,   5.547433,   
1.631035,   10.169731,   7.394683,   
-1.542715,   13.281606,   7.389183,   
-6.966465,   22.423481,   8.303683,   
-27.947696,   13.838112,   -2.406596,   
-23.168696,   15.101112,   -7.467096,   
-18.319696,   15.084112,   -11.527596,   
-23.862196,   14.253612,   2.070904,   
-19.823196,   15.816612,   0.480404,   
-15.894196,   16.989612,   -2.820096,   
-22.156696,   17.079112,   3.648404,   
-18.167696,   14.882112,   4.357904,   
-15.008696,   14.075112,   2.617404,   
-26.973696,   11.292112,   -9.219096,   
-22.624696,   13.295112,   -13.959596,   
-17.655696,   13.768112,   -16.490096,   
-26.558196,   13.297612,   -7.321596,   
-20.799196,   13.010612,   -7.322096,   
-15.160196,   12.663612,   -8.522596,   
-25.942696,   17.343112,   -5.844096,   
-20.083696,   12.826112,   -2.774596,   
-13.974696,   9.489112,   -3.385096,   
-23.989696,   15.426112,   -22.881596,   
-20.260696,   14.479112,   -21.392096,   
-15.641696,   10.292112,   -18.622596,   
-30.494196,   14.081612,   -21.934096,   
-22.155196,   10.884612,   -17.134596,   
-13.586196,   8.677612,   -13.915096,   
-33.168696,   14.467112,   -17.996596,   
-23.539696,   10.070112,   -12.497096,   
-13.360696,   8.403112,   -10.697596,   
18.106174,   12.071468,   11.160175,   
13.886174,   7.797468,   10.759925,   
11.166174,   -1.356532,   14.609675,   
24.803674,   14.054468,   19.390675,   
19.863674,   10.650468,   15.850425,   
17.223674,   1.426468,   12.590175,   
29.921174,   11.237468,   23.971175,   
25.491174,   9.293468,   19.470925,   
23.921174,   5.399468,   12.910675,   
18.595674,   6.393468,   17.1908,   
14.705674,   1.759468,   17.85055,   
11.755674,   -8.084532,   21.3103,   
25.383174,   5.036468,   24.2013,   
21.413174,   2.792468,   21.92105,   
17.373174,   -2.821532,   18.0508,   
30.600674,   2.299468,   28.5718,   
26.540674,   1.665468,   24.63155,   
22.510674,   2.451468,   17.8213,   
20.765174,   -0.664532,   25.251425,   
16.465174,   -7.748532,   28.661175,   
13.225174,   -16.782532,   29.890925,   
26.612674,   -3.331532,   29.171925,   
24.282674,   -4.685532,   28.921675,   
19.012674,   -5.839532,   25.161425,   
30.520174,   -3.718532,   31.652425,   
28.030174,   -1.672532,   28.672175,   
21.750174,   1.593468,   22.721925,   
12.625983,   27.066889,   16.016421,   
10.290983,   22.612389,   16.330546,   
8.105983,   18.497889,   14.424671,   
12.967233,   30.695639,   18.427671,   
11.512233,   21.411139,   19.161796,   
11.127233,   13.466639,   18.365921,   
9.728483,   32.844389,   20.748921,   
10.483483,   20.589889,   20.043046,   
13.708483,   9.545389,   19.807171,   
8.581358,   24.797014,   12.267671,   
8.916358,   17.322514,   14.831796,   
8.821358,   11.308014,   14.505921,   
11.042608,   29.255764,   17.448921,   
10.887608,   18.411264,   19.583046,   
11.562608,   8.636764,   18.617171,   
12.423858,   31.794514,   24.670171,   
12.488858,   20.740014,   22.724296,   
13.023858,   8.865514,   20.968421,   
1.636733,   19.337139,   5.538921,   
4.921733,   12.132639,   10.913046,   
9.446733,   7.188139,   13.037171,   
8.317983,   22.205889,   15.280171,   
10.132983,   15.391389,   17.904296,   
10.917983,   9.266889,   17.898421,   
19.079233,   26.234639,   26.371421,   
17.254233,   21.740139,   24.215546,   
12.789233,   12.865639,   23.489671,   
-6.443272,   -23.452388,   -17.372174,   
-3.658772,   -15.170888,   -22.001674,   
2.035728,   -10.479388,   -28.251174,   
-5.667522,   -28.526638,   -27.027174,   
-2.223022,   -18.775138,   -29.946674,   
2.601478,   -7.693638,   -34.336174,   
-5.651772,   -32.470888,   -39.292174,   
-1.427272,   -22.199388,   -38.911674,   
0.647228,   -6.557888,   -37.811174,   
-5.468522,   -28.067638,   -19.977174,   
-2.524022,   -18.826138,   -24.256674,   
0.730478,   -9.174638,   -31.206174,   
-5.432772,   -30.611888,   -29.372174,   
-2.788272,   -20.830388,   -32.501674,   
-0.103772,   -6.548888,   -37.481174,   
-6.137022,   -31.026138,   -40.397174,   
-4.032522,   -22.444638,   -40.526674,   
-3.198022,   -7.993138,   -39.126174,   
-5.083772,   -30.112888,   -24.392174,   
-0.249272,   -18.071388,   -27.211674,   
0.545228,   -5.469888,   -33.181174,   
-5.648022,   -27.917138,   -32.667174,   
-3.913522,   -17.395638,   -35.016674,   
-4.159022,   -5.484138,   -38.686174,   
-6.582272,   -24.341388,   -40.862174,   
-8.867772,   -20.219888,   -38.831674,   
-9.463272,   -13.998388,   -35.801174,   
Average difference: 15.0641922145