EM pivot post est position: 194.154430256,	194.763436393,	198.083089292
Optical pivot post est position: 405.568631978,	404.487914604,	191.184343362
230.396,   187.374,   209.834,   
227.896,   190.124,   334.834,   
225.396,   192.874,   459.834,   
227.771,   312.374,   206.959,   
225.271,   315.124,   331.959,   
222.771,   317.874,   456.959,   
225.146,   437.374,   204.084,   
222.646,   440.124,   329.084,   
220.146,   442.874,   454.084,   
355.396,   190.124,   212.209,   
352.896,   192.874,   337.209,   
350.396,   195.624,   462.209,   
352.771,   315.124,   209.334,   
350.271,   317.874,   334.334,   
347.771,   320.624,   459.334,   
350.146,   440.124,   206.459,   
347.646,   442.874,   331.459,   
345.146,   445.624,   456.459,   
480.396,   192.874,   214.584,   
477.896,   195.624,   339.584,   
475.396,   198.374,   464.584,   
477.771,   317.874,   211.709,   
475.271,   320.624,   336.709,   
472.771,   323.374,   461.709,   
475.146,   442.874,   208.834,   
472.646,   445.624,   333.834,   
470.146,   448.374,   458.834,   
187.528,   231.73,   449.088,   
189.403,   229.605,   574.088,   
191.278,   227.48,   699.088,   
184.153,   356.605,   451.213,   
186.028,   354.48,   576.213,   
187.903,   352.355,   701.213,   
180.778,   481.48,   453.338,   
182.653,   479.355,   578.338,   
184.528,   477.23,   703.338,   
312.528,   235.105,   447.213,   
314.403,   232.98,   572.213,   
316.278,   230.855,   697.213,   
309.153,   359.98,   449.338,   
311.028,   357.855,   574.338,   
312.903,   355.73,   699.338,   
305.778,   484.855,   451.463,   
307.653,   482.73,   576.463,   
309.528,   480.605,   701.463,   
437.528,   238.48,   445.338,   
439.403,   236.355,   570.338,   
441.278,   234.23,   695.338,   
434.153,   363.355,   447.463,   
436.028,   361.23,   572.463,   
437.903,   359.105,   697.463,   
430.778,   488.23,   449.588,   
432.653,   486.105,   574.588,   
434.528,   483.98,   699.588,   
207.318,   426.164,   200.896,   
206.568,   428.914,   325.896,   
205.818,   431.664,   450.896,   
204.318,   551.039,   198.146,   
203.568,   553.789,   323.146,   
202.818,   556.539,   448.146,   
201.318,   675.914,   195.396,   
200.568,   678.664,   320.396,   
199.818,   681.414,   445.396,   
332.318,   429.164,   201.521,   
331.568,   431.914,   326.521,   
330.818,   434.664,   451.521,   
329.318,   554.039,   198.771,   
328.568,   556.789,   323.771,   
327.818,   559.539,   448.771,   
326.318,   678.914,   196.021,   
325.568,   681.664,   321.021,   
324.818,   684.414,   446.021,   
457.318,   432.164,   202.146,   
456.568,   434.914,   327.146,   
455.818,   437.664,   452.146,   
454.318,   557.039,   199.396,   
453.568,   559.789,   324.396,   
452.818,   562.539,   449.396,   
451.318,   681.914,   196.646,   
450.568,   684.664,   321.646,   
449.818,   687.414,   446.646,   
217.629,   437.288,   446.184,   
218.004,   438.413,   571.184,   
218.379,   439.538,   696.184,   
220.379,   562.288,   444.934,   
220.754,   563.413,   569.934,   
221.129,   564.538,   694.934,   
223.129,   687.288,   443.684,   
223.504,   688.413,   568.684,   
223.879,   689.538,   693.684,   
342.629,   434.538,   445.809,   
343.004,   435.663,   570.809,   
343.379,   436.788,   695.809,   
345.379,   559.538,   444.559,   
345.754,   560.663,   569.559,   
346.129,   561.788,   694.559,   
348.129,   684.538,   443.309,   
348.504,   685.663,   568.309,   
348.879,   686.788,   693.309,   
467.629,   431.788,   445.434,   
468.004,   432.913,   570.434,   
468.379,   434.038,   695.434,   
470.379,   556.788,   444.184,   
470.754,   557.913,   569.184,   
471.129,   559.038,   694.184,   
473.129,   681.788,   442.934,   
473.504,   682.913,   567.934,   
473.879,   684.038,   692.934,   
439.911,   192.575,   202.742,   
440.661,   194.45,   327.742,   
441.411,   196.325,   452.742,   
438.911,   317.575,   200.867,   
439.661,   319.45,   325.867,   
440.411,   321.325,   450.867,   
437.911,   442.575,   198.992,   
438.661,   444.45,   323.992,   
439.411,   446.325,   448.992,   
564.911,   193.575,   201.992,   
565.661,   195.45,   326.992,   
566.411,   197.325,   451.992,   
563.911,   318.575,   200.117,   
564.661,   320.45,   325.117,   
565.411,   322.325,   450.117,   
562.911,   443.575,   198.242,   
563.661,   445.45,   323.242,   
564.411,   447.325,   448.242,   
689.911,   194.575,   201.242,   
690.661,   196.45,   326.242,   
691.411,   198.325,   451.242,   
688.911,   319.575,   199.367,   
689.661,   321.45,   324.367,   
690.411,   323.325,   449.367,   
687.911,   444.575,   197.492,   
688.661,   446.45,   322.492,   
689.411,   448.325,   447.492,   
427.78,   205.205,   439.348,   
431.03,   204.08,   564.348,   
434.28,   202.955,   689.348,   
431.405,   330.205,   440.348,   
434.655,   329.08,   565.348,   
437.905,   327.955,   690.348,   
435.03,   455.205,   441.348,   
438.28,   454.08,   566.348,   
441.53,   452.955,   691.348,   
552.655,   201.58,   436.098,   
555.905,   200.455,   561.098,   
559.155,   199.33,   686.098,   
556.28,   326.58,   437.098,   
559.53,   325.455,   562.098,   
562.78,   324.33,   687.098,   
559.905,   451.58,   438.098,   
563.155,   450.455,   563.098,   
566.405,   449.33,   688.098,   
677.53,   197.955,   432.848,   
680.78,   196.83,   557.848,   
684.03,   195.705,   682.848,   
681.155,   322.955,   433.848,   
684.405,   321.83,   558.848,   
687.655,   320.705,   683.848,   
684.78,   447.955,   434.848,   
688.03,   446.83,   559.848,   
691.28,   445.705,   684.848,   
462.471,   418.634,   203.736,   
461.846,   421.009,   328.736,   
461.221,   423.384,   453.736,   
464.471,   543.634,   201.361,   
463.846,   546.009,   326.361,   
463.221,   548.384,   451.361,   
466.471,   668.634,   198.986,   
465.846,   671.009,   323.986,   
465.221,   673.384,   448.986,   
587.471,   416.634,   204.361,   
586.846,   419.009,   329.361,   
586.221,   421.384,   454.361,   
589.471,   541.634,   201.986,   
588.846,   544.009,   326.986,   
588.221,   546.384,   451.986,   
591.471,   666.634,   199.611,   
590.846,   669.009,   324.611,   
590.221,   671.384,   449.611,   
712.471,   414.634,   204.986,   
711.846,   417.009,   329.986,   
711.221,   419.384,   454.986,   
714.471,   539.634,   202.611,   
713.846,   542.009,   327.611,   
713.221,   544.384,   452.611,   
716.471,   664.634,   200.236,   
715.846,   667.009,   325.236,   
715.221,   669.384,   450.236,   
430.459,   475.054,   452.04,   
433.084,   471.679,   576.915,   
435.709,   468.304,   701.79,   
431.709,   600.054,   455.29,   
434.334,   596.679,   580.165,   
436.959,   593.304,   705.04,   
432.959,   725.054,   458.54,   
435.584,   721.679,   583.415,   
438.209,   718.304,   708.29,   
555.459,   473.804,   449.29,   
558.084,   470.429,   574.165,   
560.709,   467.054,   699.04,   
556.709,   598.804,   452.54,   
559.334,   595.429,   577.415,   
561.959,   592.054,   702.29,   
557.959,   723.804,   455.79,   
560.584,   720.429,   580.665,   
563.209,   717.054,   705.54,   
680.459,   472.554,   446.54,   
683.084,   469.179,   571.415,   
685.709,   465.804,   696.29,   
681.709,   597.554,   449.79,   
684.334,   594.179,   574.665,   
686.959,   590.804,   699.54,   
682.959,   722.554,   453.04,   
685.584,   719.179,   577.915,   
688.209,   715.804,   702.79,   
