-29.801081,   -8.859952,   -8.888993,   
-28.737706,   -4.565202,   2.009757,   
-26.364331,   -0.450452,   8.868507,   
-33.734206,   -13.711702,   -9.041993,   
-25.790831,   -9.036952,   -5.993243,   
-17.667456,   -2.832202,   -2.524493,   
-32.587331,   -18.373452,   -7.794993,   
-21.503956,   -13.668702,   -13.576243,   
-11.740581,   -7.103952,   -15.537493,   
-27.547331,   -10.456202,   -16.693368,   
-25.683956,   -8.981452,   -8.864618,   
-24.510581,   -7.276702,   -3.845868,   
-27.890456,   -14.357952,   -15.916368,   
-22.457081,   -11.123202,   -13.607618,   
-17.993706,   -6.248452,   -11.508868,   
-27.763581,   -19.619702,   -13.899368,   
-19.910206,   -14.314952,   -17.020618,   
-13.556831,   -6.940202,   -18.751868,   
-28.623581,   -13.892452,   -23.167743,   
-23.420206,   -15.087702,   -20.378993,   
-20.316831,   -15.072952,   -17.940243,   
-24.656706,   -14.104202,   -22.730743,   
-20.433331,   -14.279452,   -22.151993,   
-17.949956,   -12.274702,   -22.003243,   
-24.089831,   -17.255952,   -21.273743,   
-20.136456,   -14.551202,   -22.194993,   
-16.733081,   -9.726452,   -24.006243,   
-44.531583,   -25.824543,   8.624036,   
-37.372708,   -17.192793,   5.750536,   
-27.273833,   -9.611043,   -5.922964,   
-39.993708,   -28.384168,   -6.926464,   
-32.364833,   -18.412418,   -6.379964,   
-27.295958,   -10.810668,   -9.463464,   
-37.685833,   -32.363793,   -23.756964,   
-31.276958,   -23.062043,   -20.220464,   
-29.398083,   -16.170293,   -14.033964,   
-42.327958,   -29.128793,   -5.470464,   
-37.569083,   -20.437043,   -7.353964,   
-29.410208,   -10.525293,   -16.147464,   
-39.870083,   -28.298418,   -17.160964,   
-34.481208,   -17.826668,   -17.304464,   
-28.872333,   -8.174918,   -20.197964,   
-39.522208,   -28.678043,   -28.191464,   
-33.973333,   -18.236293,   -27.394964,   
-29.974458,   -10.724543,   -24.448464,   
-38.304333,   -33.253043,   -20.554964,   
-34.255458,   -24.681293,   -20.838464,   
-29.426583,   -13.049543,   -25.051964,   
-39.766458,   -30.752668,   -28.825464,   
-34.757583,   -20.700918,   -29.098964,   
-28.258708,   -9.019168,   -30.382464,   
-42.348583,   -28.162293,   -34.875964,   
-35.499708,   -18.010543,   -35.999464,   
-27.090833,   -8.668793,   -35.302964,   
-23.253906,   4.086388,   -7.240064,   
-15.053281,   5.259138,   -12.125064,   
-8.292656,   8.671888,   -13.660064,   
-22.061406,   3.426388,   -2.230064,   
-16.470781,   3.709138,   -11.405064,   
-13.500156,   5.601888,   -17.510064,   
-17.398906,   7.046388,   0.779936,   
-19.028281,   5.629138,   -6.075064,   
-23.217656,   5.011888,   -13.630064,   
-17.935156,   8.699888,   -10.350064,   
-13.224531,   10.252638,   -12.795064,   
-10.023906,   14.195388,   -14.070064,   
-20.892656,   5.869888,   -5.270064,   
-17.122031,   8.542638,   -9.685064,   
-15.331406,   12.555388,   -13.790064,   
-21.420156,   7.249888,   -2.170064,   
-21.109531,   8.752638,   -4.655064,   
-22.928906,   10.115388,   -9.420064,   
-13.766406,   16.653388,   -14.600064,   
-12.905781,   15.596138,   -15.315064,   
-12.705156,   16.498888,   -16.710064,   
-20.293906,   13.453388,   -10.730064,   
-18.963281,   15.066138,   -11.145064,   
-17.862656,   17.518888,   -13.000064,   
-26.251406,   11.433388,   -8.750064,   
-23.940781,   14.826138,   -7.445064,   
-21.660156,   16.628888,   -8.210064,   
21.246531,   2.783855,   -1.849394,   
17.933156,   4.96298,   1.265856,   
10.099781,   4.382105,   6.991106,   
19.339156,   -0.225645,   -5.461519,   
13.715781,   0.67348,   -3.696269,   
6.592406,   0.0826049999999,   3.998981,   
13.171781,   -0.905145,   -1.683644,   
5.378406,   -0.95602,   -4.528394,   
2.185031,   -0.516895,   -2.613144,   
19.491531,   4.87598,   2.999481,   
15.308156,   8.125105,   3.594731,   
10.044781,   8.55423,   5.899981,   
17.334156,   3.38648,   3.487356,   
12.970781,   5.005605,   2.972606,   
8.607406,   3.29473,   5.777856,   
13.446781,   1.11698,   7.975231,   
8.003406,   0.346105,   4.770481,   
5.870031,   -2.25477,   3.465731,   
16.986531,   4.168105,   5.508356,   
13.503156,   6.79723,   4.413606,   
12.509781,   9.216355,   4.848856,   
15.029156,   5.398605,   9.506231,   
13.145781,   6.57773,   7.541481,   
13.422406,   5.326855,   6.856731,   
14.281781,   4.349105,   13.994106,   
12.798406,   3.06823,   11.669356,   
12.615031,   -1.362645,   8.534606,   
3.482504,   33.56482,   -4.969147,   
3.557879,   23.45982,   -1.937772,   
1.533254,   14.17482,   0.753603,   
2.356754,   33.34357,   4.490978,   
1.982129,   23.98857,   5.382353,   
-0.642496,   16.79357,   5.733728,   
-1.788996,   30.15232,   15.161103,   
-2.263621,   23.55732,   14.492478,   
-3.918246,   18.96232,   12.943853,   
-1.583371,   34.39982,   -4.989022,   
1.762004,   24.50482,   -5.707647,   
3.697379,   15.01982,   -4.196272,   
0.850879,   36.44857,   2.361103,   
0.696254,   25.34357,   1.042478,   
-0.798371,   16.36857,   0.743853,   
-0.314871,   36.59732,   11.411228,   
-3.069496,   26.38232,   10.232603,   
-5.634121,   18.93732,   8.623978,   
-8.209246,   35.03482,   -3.828897,   
-3.743871,   28.73982,   -5.997522,   
2.641504,   21.02482,   -4.066147,   
-4.874996,   36.72357,   0.801228,   
-3.669621,   26.50857,   -2.977397,   
-1.064246,   18.61357,   -2.636022,   
-2.440746,   39.10232,   8.401353,   
-4.475371,   27.02732,   3.852728,   
-5.139996,   18.53232,   1.354103,   
36.396884,   21.386965,   2.188685,   
26.911509,   19.297465,   1.61381,   
18.296134,   20.687965,   -2.191065,   
32.750259,   23.75284,   4.144685,   
23.784884,   23.02334,   3.56981,   
16.859509,   24.61384,   2.454935,   
27.433634,   25.758715,   8.310685,   
20.078259,   25.739215,   7.08581,   
15.172884,   24.829715,   7.350935,   
38.484884,   24.023465,   4.60156,   
30.899509,   20.733965,   7.046685,   
21.394134,   20.274465,   8.50181,   
32.638259,   24.96934,   6.64756,   
25.532884,   23.76984,   8.262685,   
20.077509,   25.25034,   11.03781,   
25.951634,   27.395215,   11.43356,   
20.186259,   26.735715,   10.988685,   
18.660884,   27.586215,   12.93381,   
36.772884,   31.769965,   12.394435,   
33.637509,   26.460465,   17.39956,   
26.812134,   20.490965,   23.414685,   
32.116259,   29.38584,   10.770435,   
28.400884,   27.30634,   15.90556,   
24.385509,   26.14684,   23.910685,   
26.279634,   28.721715,   11.826435,   
22.264259,   27.952215,   14.20156,   
21.248884,   29.642715,   21.166685,   
-15.501625,   -36.51899,   -31.417333,   
-12.260375,   -29.49524,   -32.144958,   
-10.139125,   -20.24149,   -33.592583,   
-19.77275,   -39.76574,   -35.370458,   
-16.4515,   -29.97199,   -35.948083,   
-13.20025,   -19.34824,   -38.245708,   
-23.433875,   -41.44249,   -41.043583,   
-19.392625,   -30.12874,   -40.041208,   
-15.581375,   -20.52499,   -41.398833,   
-14.355,   -31.50549,   -38.699833,   
-13.19375,   -28.03174,   -40.047458,   
-11.8825,   -21.60799,   -41.695083,   
-19.126125,   -32.91224,   -43.602958,   
-17.554875,   -26.01849,   -43.660583,   
-14.283625,   -18.42474,   -45.158208,   
-26.55725,   -34.77899,   -49.856083,   
-20.526,   -24.03524,   -47.893708,   
-13.15475,   -15.75149,   -47.841333,   
-16.778375,   -30.31199,   -45.662333,   
-15.027125,   -28.61824,   -50.389958,   
-11.615875,   -22.86449,   -51.877583,   
-18.8295,   -28.11874,   -50.705458,   
-16.71825,   -24.51499,   -54.293083,   
-12.587,   -19.10124,   -57.200708,   
-26.310625,   -27.58549,   -56.538583,   
-18.919375,   -18.22174,   -57.206208,   
-9.868125,   -12.49799,   -59.013833,   
-27.104968,   -1.261949,   7.192871,   
-22.422843,   0.195051,   6.138871,   
-15.660718,   0.842051,   6.674871,   
-25.175843,   -0.450824,   12.252496,   
-19.013718,   -0.433824,   10.268496,   
-11.191593,   -3.226824,   9.904496,   
-21.996718,   -1.569699,   17.932121,   
-15.874593,   -4.202699,   15.408121,   
-8.352468,   -9.935699,   12.354121,   
-28.943968,   -7.554574,   -1.961254,   
-22.391843,   -6.357574,   -2.055254,   
-12.059718,   -3.990574,   -0.159254,   
-26.014843,   -4.233449,   4.088371,   
-17.752718,   -4.696449,   2.444371,   
-6.750593,   -6.269449,   2.050371,   
-19.875718,   -1.692324,   10.447996,   
-11.003593,   -5.345324,   8.873996,   
-3.271468,   -11.708324,   5.569996,   
-28.722968,   -13.877199,   -13.715379,   
-20.280843,   -12.760199,   -10.409379,   
-8.868718,   -9.753199,   -3.823379,   
-24.163843,   -9.576074,   -8.895754,   
-15.481718,   -10.439074,   -9.129754,   
-4.739593,   -10.332074,   -6.693754,   
-16.774718,   -2.434949,   -1.136129,   
-7.242593,   -7.317949,   -3.380129,   
-0.870468,   -13.290949,   -6.044129,   
Average difference: 16.5089867238