EM pivot post est position: 191.044112252,	207.330428359,	208.091624799
Optical pivot post est position: 403.053202011,	394.360910531,	195.553082592
224.607657,   182.541965,   210.127641,   
222.747032,   185.30084,   335.030016,   
220.886407,   188.059715,   459.932391,   
221.603532,   307.45634,   207.380266,   
219.742907,   310.215215,   332.282641,   
217.882282,   312.97409,   457.185016,   
218.599407,   432.370715,   204.632891,   
216.738782,   435.12959,   329.535266,   
214.878157,   437.888465,   454.437641,   
349.498532,   185.52934,   211.902266,   
347.637907,   188.288215,   336.804641,   
345.777282,   191.04709,   461.707016,   
346.494407,   310.443715,   209.154891,   
344.633782,   313.20259,   334.057266,   
342.773157,   315.961465,   458.959641,   
343.490282,   435.35809,   206.407516,   
341.629657,   438.116965,   331.309891,   
339.769032,   440.87584,   456.212266,   
474.389407,   188.516715,   213.676891,   
472.528782,   191.27559,   338.579266,   
470.668157,   194.034465,   463.481641,   
471.385282,   313.43109,   210.929516,   
469.524657,   316.189965,   335.831891,   
467.664032,   318.94884,   460.734266,   
468.381157,   438.345465,   208.182141,   
466.520532,   441.10434,   333.084516,   
464.659907,   443.863215,   457.986891,   
217.572442,   236.13319,   450.936686,   
216.935817,   233.38769,   575.848436,   
216.299192,   230.64219,   700.760186,   
216.478942,   361.15869,   453.700186,   
215.842317,   358.41319,   578.611936,   
215.205692,   355.66769,   703.523686,   
215.385442,   486.18419,   456.463686,   
214.748817,   483.43869,   581.375436,   
214.112192,   480.69319,   706.287186,   
342.592692,   237.26869,   451.552686,   
341.956067,   234.52319,   576.464436,   
341.319442,   231.77769,   701.376186,   
341.499192,   362.29419,   454.316186,   
340.862567,   359.54869,   579.227936,   
340.225942,   356.80319,   704.139686,   
340.405692,   487.31969,   457.079686,   
339.769067,   484.57419,   581.991436,   
339.132442,   481.82869,   706.903186,   
467.612942,   238.40419,   452.168686,   
466.976317,   235.65869,   577.080436,   
466.339692,   232.91319,   701.992186,   
466.519442,   363.42969,   454.932186,   
465.882817,   360.68419,   579.843936,   
465.246192,   357.93869,   704.755686,   
465.425942,   488.45519,   457.695686,   
464.789317,   485.70969,   582.607436,   
464.152692,   482.96419,   707.519186,   
235.389996,   430.344986,   207.119578,   
233.750996,   432.205986,   332.127578,   
232.111996,   434.066986,   457.135578,   
237.758996,   555.369736,   205.234828,   
236.119996,   557.230736,   330.242828,   
234.480996,   559.091736,   455.250828,   
240.127996,   680.394486,   203.350078,   
238.488996,   682.255486,   328.358078,   
236.849996,   684.116486,   453.366078,   
360.418246,   428.092861,   208.866453,   
358.779246,   429.953861,   333.874453,   
357.140246,   431.814861,   458.882453,   
362.787246,   553.117611,   206.981703,   
361.148246,   554.978611,   331.989703,   
359.509246,   556.839611,   456.997703,   
365.156246,   678.142361,   205.096953,   
363.517246,   680.003361,   330.104953,   
361.878246,   681.864361,   455.112953,   
485.446496,   425.840736,   210.613328,   
483.807496,   427.701736,   335.621328,   
482.168496,   429.562736,   460.629328,   
487.815496,   550.865486,   208.728578,   
486.176496,   552.726486,   333.736578,   
484.537496,   554.587486,   458.744578,   
490.184496,   675.890236,   206.843828,   
488.545496,   677.751236,   331.851828,   
486.906496,   679.612236,   456.859828,   
183.364152,   462.620032,   445.464396,   
185.120652,   462.253032,   570.484646,   
186.877152,   461.886032,   695.504896,   
180.735902,   587.627782,   445.835146,   
182.492402,   587.260782,   570.855396,   
184.248902,   586.893782,   695.875646,   
178.107652,   712.635532,   446.205896,   
179.864152,   712.268532,   571.226146,   
181.620652,   711.901532,   696.246396,   
308.359152,   465.350032,   443.691896,   
310.115652,   464.983032,   568.712146,   
311.872152,   464.616032,   693.732396,   
305.730902,   590.357782,   444.062646,   
307.487402,   589.990782,   569.082896,   
309.243902,   589.623782,   694.103146,   
303.102652,   715.365532,   444.433396,   
304.859152,   714.998532,   569.453646,   
306.615652,   714.631532,   694.473896,   
433.354152,   468.080032,   441.919396,   
435.110652,   467.713032,   566.939646,   
436.867152,   467.346032,   691.959896,   
430.725902,   593.087782,   442.290146,   
432.482402,   592.720782,   567.310396,   
434.238902,   592.353782,   692.330646,   
428.097652,   718.095532,   442.660896,   
429.854152,   717.728532,   567.681146,   
431.610652,   717.361532,   692.701396,   
465.69365,   211.70004,   215.151744,   
463.940525,   212.08254,   340.153744,   
462.1874,   212.46504,   465.155744,   
463.5674,   336.71879,   214.771244,   
461.814275,   337.10129,   339.773244,   
460.06115,   337.48379,   464.775244,   
461.44115,   461.73754,   214.390744,   
459.688025,   462.12004,   339.392744,   
457.9349,   462.50254,   464.394744,   
590.7044,   213.83704,   216.879744,   
588.951275,   214.21954,   341.881744,   
587.19815,   214.60204,   466.883744,   
588.57815,   338.85579,   216.499244,   
586.825025,   339.23829,   341.501244,   
585.0719,   339.62079,   466.503244,   
586.4519,   463.87454,   216.118744,   
584.698775,   464.25704,   341.120744,   
582.94565,   464.63954,   466.122744,   
715.71515,   215.97404,   218.607744,   
713.962025,   216.35654,   343.609744,   
712.2089,   216.73904,   468.611744,   
713.5889,   340.99279,   218.227244,   
711.835775,   341.37529,   343.229244,   
710.08265,   341.75779,   468.231244,   
711.46265,   466.01154,   217.846744,   
709.709525,   466.39404,   342.848744,   
707.9564,   466.77654,   467.850744,   
479.307828,   235.289815,   469.764053,   
476.067328,   231.90569,   594.629678,   
472.826828,   228.521565,   719.495303,   
480.804703,   360.28919,   473.140928,   
477.564203,   356.905065,   598.006553,   
474.323703,   353.52094,   722.872178,   
482.301578,   485.288565,   476.517803,   
479.061078,   481.90444,   601.383428,   
475.820578,   478.520315,   726.249053,   
604.310453,   233.783815,   472.885303,   
601.069953,   230.39969,   597.750928,   
597.829453,   227.015565,   722.616553,   
605.807328,   358.78319,   476.262178,   
602.566828,   355.399065,   601.127803,   
599.326328,   352.01494,   725.993428,   
607.304203,   483.782565,   479.639053,   
604.063703,   480.39844,   604.504678,   
600.823203,   477.014315,   729.370303,   
729.313078,   232.277815,   476.006553,   
726.072578,   228.89369,   600.872178,   
722.832078,   225.509565,   725.737803,   
730.809953,   357.27719,   479.383428,   
727.569453,   353.893065,   604.249053,   
724.328953,   350.50894,   729.114678,   
732.306828,   482.276565,   482.760303,   
729.066328,   478.89244,   607.625928,   
725.825828,   475.508315,   732.491553,   
409.326194,   452.978984,   202.554262,   
412.578944,   453.196984,   327.453262,   
415.831694,   453.414984,   452.352262,   
407.076944,   578.004984,   202.409762,   
410.329694,   578.222984,   327.308762,   
413.582444,   578.440984,   452.207762,   
404.827694,   703.030984,   202.265262,   
408.080444,   703.248984,   327.164262,   
411.333194,   703.466984,   452.063262,   
534.251194,   455.229984,   199.303512,   
537.503944,   455.447984,   324.202512,   
540.756694,   455.665984,   449.101512,   
532.001944,   580.255984,   199.159012,   
535.254694,   580.473984,   324.058012,   
538.507444,   580.691984,   448.957012,   
529.752694,   705.281984,   199.014512,   
533.005444,   705.499984,   323.913512,   
536.258194,   705.717984,   448.812512,   
659.176194,   457.480984,   196.052762,   
662.428944,   457.698984,   320.951762,   
665.681694,   457.916984,   445.850762,   
656.926944,   582.506984,   195.908262,   
660.179694,   582.724984,   320.807262,   
663.432444,   582.942984,   445.706262,   
654.677694,   707.532984,   195.763762,   
657.930444,   707.750984,   320.662762,   
661.183194,   707.968984,   445.561762,   
469.875375,   424.984205,   452.883205,   
467.989125,   427.227955,   577.876955,   
466.102875,   429.471705,   702.870705,   
472.386625,   549.99983,   450.64883,   
470.500375,   552.24358,   575.64258,   
468.614125,   554.48733,   700.63633,   
474.897875,   675.015455,   448.414455,   
473.011625,   677.259205,   573.408205,   
471.125375,   679.502955,   698.401955,   
594.884125,   422.484205,   454.883205,   
592.997875,   424.727955,   579.876955,   
591.111625,   426.971705,   704.870705,   
597.395375,   547.49983,   452.64883,   
595.509125,   549.74358,   577.64258,   
593.622875,   551.98733,   702.63633,   
599.906625,   672.515455,   450.414455,   
598.020375,   674.759205,   575.408205,   
596.134125,   677.002955,   700.401955,   
719.892875,   419.984205,   456.883205,   
718.006625,   422.227955,   581.876955,   
716.120375,   424.471705,   706.870705,   
722.404125,   544.99983,   454.64883,   
720.517875,   547.24358,   579.64258,   
718.631625,   549.48733,   704.63633,   
724.915375,   670.015455,   452.414455,   
723.029125,   672.259205,   577.408205,   
721.142875,   674.502955,   702.401955,   
