-17.012864,   11.509334,   0.60862,   
-13.503364,   8.812834,   0.62212,   
-9.983864,   6.116334,   0.63562,   
-16.346864,   11.515584,   3.30312,   
-12.837364,   8.819084,   3.31662,   
-9.317864,   6.122584,   3.33012,   
-15.680864,   11.521834,   5.99762,   
-12.171364,   8.825334,   6.01112,   
-8.661864,   6.128834,   6.02462,   
-17.006114,   10.834834,   -2.90313,   
-13.486614,   8.148334,   -2.88963,   
-9.977114,   5.451834,   -2.88613,   
-16.340114,   10.841084,   -0.20863,   
-12.830614,   8.144584,   -0.19513,   
-9.311114,   5.448084,   -0.18163,   
-15.674114,   10.847334,   2.48587,   
-12.164614,   8.150834,   2.49937,   
-8.645114,   5.454334,   2.51287,   
-16.999364,   10.170334,   -6.42488,   
-13.479864,   7.473834,   -6.41138,   
-9.970364,   4.777334,   -6.39788,   
-16.333364,   10.176584,   -3.72038,   
-12.813864,   7.480084,   -3.70688,   
-9.304364,   4.783584,   -3.69338,   
-15.667364,   10.172834,   -1.02588,   
-12.147864,   7.476334,   -1.01238,   
-8.638364,   4.779834,   -0.99888,   
17.366597,   21.777212,   7.87429,   
13.060597,   16.824712,   7.93354,   
8.764597,   11.872212,   7.99279,   
18.607097,   21.835962,   12.823415,   
14.311097,   16.883462,   12.882665,   
10.015097,   11.920962,   12.941915,   
19.857597,   21.884712,   17.77254,   
15.561597,   16.932212,   17.83179,   
11.255597,   11.979712,   17.90104,   
17.378597,   20.562212,   12.15829,   
13.072597,   15.609712,   12.22754,   
8.776597,   10.647212,   12.28679,   
18.619097,   20.610962,   17.107415,   
14.323097,   15.658462,   17.176665,   
10.027097,   10.705962,   17.235915,   
19.869597,   20.669712,   22.06654,   
15.573597,   15.717212,   22.12579,   
11.267597,   10.764712,   22.18504,   
17.390597,   19.337212,   16.45229,   
13.084597,   14.384712,   16.51154,   
8.788597,   9.432212,   16.57079,   
18.631097,   19.395962,   21.401415,   
14.335097,   14.443462,   21.460665,   
10.039097,   9.490962,   21.529915,   
19.881597,   19.454712,   26.35054,   
15.585597,   14.492212,   26.40979,   
11.279597,   9.539712,   26.47904,   
-26.16901,   10.738413,   0.877578,   
-19.840885,   8.001288,   0.849578,   
-13.51276,   5.264163,   0.821578,   
-22.64526,   10.756038,   3.653828,   
-16.317135,   8.018913,   3.625828,   
-9.98901,   5.281788,   3.597828,   
-19.12151,   10.773663,   6.430078,   
-12.793385,   8.036538,   6.402078,   
-6.46526,   5.299413,   6.364078,   
-26.195885,   7.150288,   -5.426422,   
-19.87776,   4.413163,   -5.454422,   
-13.549635,   1.676038,   -5.482422,   
-22.672135,   7.167913,   -2.650172,   
-16.35401,   4.430788,   -2.688172,   
-10.025885,   1.693663,   -2.716172,   
-19.148385,   7.185538,   0.116078,   
-12.83026,   4.448413,   0.0880780000001,   
-6.502135,   1.711288,   0.0600779999999,   
-26.23276,   3.572163,   -11.740422,   
-19.904635,   0.835038,   -11.768422,   
-13.58651,   -1.902087,   -11.796422,   
-22.70901,   3.589788,   -8.964172,   
-16.380885,   0.852663,   -8.992172,   
-10.06276,   -1.884462,   -9.020172,   
-19.18526,   3.607413,   -6.187922,   
-12.857135,   0.870288,   -6.225922,   
-6.53901,   -1.866837,   -6.253922,   
-1.333276,   -22.576846,   -4.46311,   
1.919599,   -19.531346,   -4.420985,   
5.162474,   -16.485846,   -4.37886,   
4.704099,   -22.511096,   -7.475735,   
7.956974,   -19.465596,   -7.43361,   
11.209849,   -16.420096,   -7.391485,   
10.751474,   -22.455346,   -10.48836,   
14.004349,   -19.409846,   -10.446235,   
17.257224,   -16.364346,   -10.40411,   
-1.293026,   -28.718346,   -7.77286,   
1.949849,   -25.672846,   -7.730735,   
5.202724,   -22.617346,   -7.68861,   
4.744349,   -28.652596,   -10.785485,   
7.997224,   -25.607096,   -10.74336,   
11.250099,   -22.561596,   -10.701235,   
10.791724,   -28.586846,   -13.79811,   
14.044599,   -25.541346,   -13.755985,   
17.287474,   -22.495846,   -13.71386,   
-1.262776,   -34.849846,   -11.07261,   
1.990099,   -31.804346,   -11.030485,   
5.242974,   -28.758846,   -10.98836,   
4.784599,   -34.794096,   -14.085235,   
8.037474,   -31.748596,   -14.04311,   
11.290349,   -28.703096,   -14.000985,   
10.831974,   -34.728346,   -17.09786,   
14.074849,   -31.682846,   -17.055735,   
17.327724,   -28.637346,   -17.01361,   
5.872812,   -38.487632,   -1.102592,   
5.300062,   -32.778882,   -1.080967,   
4.717312,   -27.080132,   -1.059342,   
13.143437,   -38.509132,   -6.776217,   
12.570687,   -32.810382,   -6.754592,   
11.997937,   -27.101632,   -6.732967,   
20.424062,   -38.540632,   -12.459842,   
19.841312,   -32.831882,   -12.438217,   
19.268562,   -27.133132,   -12.406592,   
5.827562,   -45.756382,   -0.472217,   
5.254812,   -40.047632,   -0.450592,   
4.682062,   -34.348882,   -0.428967,   
13.098187,   -45.777882,   -6.155842,   
12.525437,   -40.079132,   -6.124217,   
11.952687,   -34.370382,   -6.102592,   
20.378812,   -45.809382,   -11.829467,   
19.806062,   -40.100632,   -11.807842,   
19.233312,   -34.401882,   -11.776217,   
5.782312,   -53.025132,   0.158158,   
5.209562,   -47.326382,   0.179783,   
4.636812,   -41.617632,   0.201408,   
13.062937,   -53.056632,   -5.525467,   
12.490187,   -47.347882,   -5.503842,   
11.917437,   -41.649132,   -5.472217,   
20.333562,   -53.078132,   -11.199092,   
19.760812,   -47.379382,   -11.177467,   
19.188062,   -41.670632,   -11.155842,   
-1.059542,   13.435867,   8.476869,   
-1.274542,   9.135867,   8.503869,   
-1.499542,   4.835867,   8.530869,   
2.502458,   13.475742,   12.803244,   
2.287458,   9.175742,   12.830244,   
2.072458,   4.875742,   12.857244,   
6.074458,   13.525617,   17.129619,   
5.859458,   9.215617,   17.156619,   
5.634458,   4.915617,   17.183619,   
-1.028667,   9.856867,   8.729494,   
-1.243667,   5.556867,   8.756494,   
-1.468667,   1.246867,   8.783494,   
2.543333,   9.896742,   13.055869,   
2.318333,   5.596742,   13.082869,   
2.103333,   1.296742,   13.109869,   
6.105333,   9.936617,   17.382244,   
5.890333,   5.636617,   17.409244,   
5.675333,   1.336617,   17.436244,   
-0.987792,   6.267867,   8.992119,   
-1.212792,   1.967867,   9.019119,   
-1.427792,   -2.332133,   9.046119,   
2.574208,   6.317742,   13.318494,   
2.359208,   2.007742,   13.345494,   
2.134208,   -2.292258,   13.372494,   
6.146208,   6.357617,   17.644869,   
5.921208,   2.057617,   17.671869,   
5.706208,   -2.242383,   17.698869,   
-9.340486,   22.160022,   2.209441,   
-5.473486,   15.968272,   2.249691,   
-1.606486,   9.776522,   2.299941,   
-5.607486,   22.200272,   8.417691,   
-1.740486,   16.008522,   8.457941,   
2.116514,   9.816772,   8.508191,   
-1.874486,   22.240522,   14.625941,   
1.992514,   16.048772,   14.666191,   
5.849514,   9.857022,   14.706441,   
-9.324736,   18.396272,   -1.751684,   
-5.457736,   12.204522,   -1.711434,   
-1.600736,   6.012772,   -1.661184,   
-5.591736,   18.436522,   4.456566,   
-1.724736,   12.244772,   4.496816,   
2.132264,   6.053022,   4.537066,   
-1.858736,   18.486772,   10.664816,   
1.998264,   12.295022,   10.705066,   
5.865264,   6.103272,   10.745316,   
-9.308986,   14.632522,   -5.712809,   
-5.441986,   8.450772,   -5.672559,   
-1.584986,   2.259022,   -5.632309,   
-5.575986,   14.682772,   0.495441,   
-1.708986,   8.491022,   0.535691,   
2.148014,   2.299272,   0.575941,   
-1.842986,   14.723022,   6.703691,   
2.014014,   8.531272,   6.743941,   
5.881014,   2.339522,   6.784191,   
-32.336026,   -19.997024,   -17.389426,   
-26.701901,   -14.079399,   -17.421301,   
-21.067776,   -8.161774,   -17.463176,   
-37.888401,   -20.025649,   -23.404801,   
-32.254276,   -14.108024,   -23.446676,   
-26.610151,   -8.190399,   -23.478551,   
-43.430776,   -20.044274,   -29.430176,   
-37.796651,   -14.126649,   -29.462051,   
-32.162526,   -8.209024,   -29.493926,   
-32.362151,   -14.486024,   -23.054051,   
-26.728026,   -8.568399,   -23.085926,   
-21.093901,   -2.650774,   -23.117801,   
-37.914526,   -14.514649,   -29.069426,   
-32.270401,   -8.587024,   -29.101301,   
-26.636276,   -2.669399,   -29.143176,   
-43.456901,   -14.533274,   -35.084801,   
-37.822776,   -8.615649,   -35.126676,   
-32.188651,   -2.698024,   -35.158551,   
-32.388276,   -8.975024,   -28.718676,   
-26.754151,   -3.057399,   -28.750551,   
-21.120026,   2.860226,   -28.782426,   
-37.930651,   -8.993649,   -34.734051,   
-32.296526,   -3.076024,   -34.765926,   
-26.662401,   2.841601,   -34.797801,   
-43.483026,   -9.022274,   -40.749426,   
-37.848901,   -3.104649,   -40.781301,   
-32.214776,   2.812976,   -40.823176,   
Average difference: 13.1711215463