-13.362182,   9.431694,   4.331492,   
-11.129057,   9.374194,   4.916242,   
-9.285932,   8.946694,   6.200992,   
-6.261182,   14.191194,   9.107492,   
-3.038057,   10.743694,   10.652242,   
-0.944932,   8.476194,   11.596992,   
-1.710182,   17.140694,   13.413492,   
3.042943,   12.233194,   14.918242,   
6.356068,   7.845694,   14.932992,   
-15.173182,   6.391944,   -3.785508,   
-12.060057,   6.134444,   -3.550758,   
-8.206932,   4.826944,   -2.106008,   
-6.792182,   5.631444,   6.460492,   
-4.539057,   1.483944,   5.135242,   
-3.195932,   -0.723556,   4.599992,   
-0.851182,   6.070944,   14.716492,   
1.571943,   -0.866556,   11.621242,   
2.325068,   -4.964056,   8.625992,   
-18.204182,   4.172194,   -7.782508,   
-12.861057,   2.284694,   -9.287758,   
-6.327932,   -1.022806,   -8.673008,   
-10.153182,   -1.248306,   2.263492,   
-8.970057,   -6.055806,   -0.481758,   
-6.256932,   -9.243306,   -1.117008,   
-3.372182,   -2.098806,   11.039492,   
-3.739057,   -10.446306,   6.974242,   
-3.025932,   -14.373806,   4.188992,   
-9.471808,   3.200401,   -1.734306,   
-9.671808,   2.548526,   -0.972556,   
-8.301808,   -2.933349,   -1.790806,   
-7.118808,   2.360651,   -1.219806,   
-7.628808,   3.308776,   -1.768056,   
-7.618808,   0.986901,   -3.706306,   
-5.385808,   1.720901,   -2.875306,   
-6.325808,   2.939026,   -4.143556,   
-6.985808,   3.787151,   -5.091806,   
-8.407183,   5.138026,   -7.152681,   
-5.747183,   4.736151,   -5.570931,   
-3.507183,   -0.575724,   -4.339181,   
-9.434183,   -0.801724,   -6.018181,   
-8.364183,   1.236401,   -4.566431,   
-5.744183,   1.334526,   -2.194681,   
-9.751183,   -5.461474,   -6.973681,   
-10.401183,   -1.703349,   -6.141931,   
-7.931183,   3.014776,   -1.970181,   
-6.322558,   5.855651,   -11.951056,   
-2.452558,   5.173776,   -9.479306,   
-0.272558,   1.831901,   -5.347556,   
-11.929558,   -2.334099,   -9.456556,   
-8.479558,   0.494026,   -6.804806,   
-2.529558,   2.222151,   -2.543056,   
-14.866558,   -8.293849,   -8.792056,   
-12.066558,   -3.235724,   -7.340306,   
-5.006558,   3.362401,   -2.788556,   
45.593939,   -5.515734,   2.978065,   
41.111314,   -6.602109,   4.308815,   
34.378689,   -6.088484,   3.709565,   
48.893439,   -6.584484,   1.988315,   
45.110814,   -7.580859,   2.529065,   
40.208189,   -7.667234,   1.539815,   
51.322939,   -9.373234,   2.458565,   
47.820314,   -9.939609,   1.459315,   
44.947689,   -9.825984,   0.0700649999999,   
45.740064,   -17.436484,   12.82194,   
38.767439,   -20.062859,   9.85269,   
29.634814,   -19.709234,   6.55344,   
49.569564,   -15.645234,   13.59219,   
43.896939,   -20.171609,   8.81294,   
36.604314,   -20.477984,   4.02369,   
51.979064,   -13.603984,   11.21244,   
47.586439,   -17.140359,   6.56319,   
44.853814,   -17.566734,   1.29394,   
42.936189,   -26.237234,   17.865815,   
33.563564,   -29.503609,   14.326565,   
24.940939,   -29.399984,   11.537315,   
47.785689,   -22.265984,   20.216065,   
40.113064,   -27.632359,   14.626815,   
33.860439,   -28.708734,   9.927565,   
51.325189,   -15.924734,   19.406315,   
47.732564,   -20.151109,   12.847065,   
46.679939,   -21.657484,   6.217815,   
-8.550858,   -25.082099,   -11.449441,   
-4.812983,   -19.733474,   -12.328066,   
-1.305108,   -15.254849,   -13.576691,   
-3.599483,   -26.709849,   -18.339191,   
1.238392,   -20.431224,   -19.187816,   
4.826267,   -14.922599,   -19.456441,   
0.311892,   -28.817599,   -24.658941,   
6.529767,   -22.738974,   -25.177566,   
10.007642,   -16.500349,   -24.466191,   
-12.788608,   -37.853599,   -19.610941,   
-8.780733,   -29.984974,   -18.619566,   
-2.172858,   -22.026349,   -14.798191,   
-6.977233,   -38.761349,   -26.880691,   
-2.199358,   -30.402724,   -26.229316,   
3.448517,   -20.754099,   -20.617941,   
0.044142,   -36.109099,   -34.620441,   
6.792017,   -28.620474,   -33.939066,   
11.379892,   -20.351849,   -28.067691,   
-18.076358,   -46.995099,   -25.772441,   
-10.828483,   -37.846474,   -24.101066,   
0.689392,   -27.547849,   -19.419691,   
-10.054983,   -46.272849,   -32.352191,   
-2.167108,   -37.074224,   -31.410816,   
7.590767,   -25.565599,   -26.069441,   
1.946392,   -39.820599,   -41.071941,   
11.104267,   -32.601974,   -40.740566,   
17.592142,   -24.253349,   -33.759191,   
30.82901,   6.995807,   12.521233,   
24.58626,   10.533307,   11.067483,   
20.38351,   12.400807,   11.573733,   
30.57876,   1.927307,   18.130983,   
20.57601,   2.344807,   15.257233,   
11.99326,   4.102307,   14.513483,   
28.70851,   0.558807,   22.290733,   
16.85576,   -2.463693,   18.306983,   
6.12301,   -1.546193,   15.463233,   
27.48926,   11.943307,   22.892483,   
24.56651,   13.090807,   20.568733,   
21.72376,   12.928307,   19.974983,   
26.15901,   7.574807,   22.802233,   
17.86626,   7.072307,   22.238483,   
11.64351,   7.739807,   23.144733,   
23.99876,   6.146307,   23.351983,   
12.25601,   4.353807,   23.868233,   
4.78326,   4.861307,   24.724483,   
24.85951,   13.880807,   34.973733,   
24.87676,   14.008307,   33.079983,   
21.57401,   12.775807,   32.026233,   
22.56926,   14.892307,   26.803483,   
17.83651,   14.389807,   30.059733,   
14.47376,   13.507307,   33.425983,   
20.20901,   15.503807,   21.853233,   
11.47626,   16.191307,   28.629483,   
8.48351,   16.038807,   34.645733,   
-11.73381,   26.133302,   -0.0752089999999,   
-6.43231,   17.862552,   2.547416,   
-2.54081,   7.051802,   6.440041,   
-12.68406,   17.918552,   9.745166,   
-7.86256,   12.957802,   12.157791,   
-0.86106,   7.797052,   16.830416,   
-10.70431,   11.783802,   18.265541,   
-7.37281,   8.873052,   19.238166,   
0.49869,   8.122302,   23.950791,   
-10.63006,   19.935052,   -2.012709,   
-6.05856,   10.934302,   0.399916,   
-4.13706,   1.643552,   4.712541,   
-13.44031,   14.020302,   7.927666,   
-7.21881,   8.059552,   9.700291,   
0.0326900000001,   2.758802,   12.292916,   
-12.85056,   10.845552,   16.458041,   
-6.01906,   6.704802,   16.910666,   
4.41244,   4.074052,   16.953291,   
-10.50631,   12.546802,   -0.630209,   
-9.07481,   2.976052,   -0.0975839999998,   
-9.84331,   -7.194698,   1.585041,   
-11.13656,   12.922052,   7.910166,   
-5.49506,   4.261302,   7.642791,   
-1.32356,   -3.979448,   4.505416,   
-10.05681,   14.867302,   15.650541,   
-1.36531,   7.166552,   14.143166,   
6.71619,   -0.914198,   6.785791,   
15.377677,   -4.74335,   6.270123,   
8.458927,   -8.09785,   2.274873,   
2.240177,   -7.17235,   -0.290377,   
12.477677,   -1.18585,   8.220123,   
6.808927,   -6.60035,   2.694873,   
2.590177,   -7.24485,   -2.080377,   
7.437677,   5.37165,   7.460123,   
6.218927,   0.78715,   0.904873,   
7.310177,   -0.90735,   -5.750377,   
10.692927,   -0.806975,   2.906373,   
3.814177,   -2.991475,   3.151123,   
1.075427,   -2.505975,   4.045873,   
8.642927,   2.540525,   5.506373,   
3.434177,   -0.083975,   4.541123,   
2.075427,   -0.628475,   3.485873,   
6.252927,   8.398025,   8.266373,   
6.104177,   7.223525,   3.971123,   
8.345427,   6.159025,   0.435873,   
6.748177,   7.4794,   -3.047377,   
2.829427,   7.3849,   3.947373,   
4.340677,   6.6504,   9.422123,   
5.718177,   8.5069,   -0.997377,   
2.539427,   10.6424,   5.047373,   
4.300677,   10.7979,   9.542123,   
6.038177,   9.0044,   5.532623,   
6.179427,   13.3799,   5.767373,   
7.870677,   13.6454,   7.252123,   
-22.132515,   32.480027,   5.095909,   
-20.046265,   29.809277,   6.235659,   
-13.940015,   29.338527,   11.155409,   
-26.44839,   32.335402,   9.917534,   
-23.91214,   30.234652,   9.967284,   
-18.83589,   30.513902,   15.387034,   
-26.974265,   38.780777,   12.679159,   
-22.368015,   34.580027,   12.098909,   
-19.891765,   31.969277,   17.938659,   
-23.53739,   41.890527,   5.196159,   
-18.48114,   37.919777,   5.795909,   
-10.21489,   35.119027,   5.835659,   
-27.743265,   43.865902,   11.207784,   
-21.487015,   39.805152,   10.377534,   
-13.770765,   37.364402,   9.407284,   
-26.38914,   50.811277,   14.859409,   
-20.10289,   44.690527,   12.939159,   
-15.43664,   38.679777,   13.388909,   
-20.252265,   55.851027,   6.696409,   
-14.186015,   48.460277,   4.546159,   
-8.819765,   40.089527,   -2.374091,   
-25.34814,   59.866402,   12.978034,   
-18.15189,   52.255652,   10.227784,   
-11.61564,   42.794902,   0.977534,   
-26.784015,   63.401777,   17.809659,   
-21.097765,   54.441027,   15.059409,   
-16.421515,   43.440277,   8.309159,   
Average difference: 13.7563054429