EM pivot post est position: 195.848629333,	202.862083536,	207.289014134
Optical pivot post est position: 401.363475284,	408.897778303,	211.350546717
194.567136,   221.259334,   211.27862,   
196.316636,   219.882834,   336.27212,   
198.066136,   218.506334,   461.26562,   
194.943136,   346.255584,   212.65312,   
196.692636,   344.879084,   337.64662,   
198.442136,   343.502584,   462.64012,   
195.319136,   471.251834,   214.02762,   
197.068636,   469.875334,   339.02112,   
198.818136,   468.498834,   464.01462,   
319.563886,   220.894834,   209.52687,   
321.313386,   219.518334,   334.52037,   
323.062886,   218.141834,   459.51387,   
319.939886,   345.891084,   210.90137,   
321.689386,   344.514584,   335.89487,   
323.438886,   343.138084,   460.88837,   
320.315886,   470.887334,   212.27587,   
322.065386,   469.510834,   337.26937,   
323.814886,   468.134334,   462.26287,   
444.560636,   220.530334,   207.77512,   
446.310136,   219.153834,   332.76862,   
448.059636,   217.777334,   457.76212,   
444.936636,   345.526584,   209.14962,   
446.686136,   344.150084,   334.14312,   
448.435636,   342.773584,   459.13662,   
445.312636,   470.522834,   210.52412,   
447.062136,   469.146334,   335.51762,   
448.811636,   467.769834,   460.51112,   
226.046597,   233.527212,   458.42429,   
223.900597,   231.034712,   583.44354,   
221.754597,   228.542212,   708.46279,   
226.647097,   358.555962,   460.923415,   
224.501097,   356.063462,   585.942665,   
222.355097,   353.570962,   710.961915,   
227.247597,   483.584712,   463.42254,   
225.101597,   481.092212,   588.44179,   
222.955597,   478.599712,   713.46104,   
351.038597,   232.912212,   460.54829,   
348.892597,   230.419712,   585.56754,   
346.746597,   227.927212,   710.58679,   
351.639097,   357.940962,   463.047415,   
349.493097,   355.448462,   588.066665,   
347.347097,   352.955962,   713.085915,   
352.239597,   482.969712,   465.54654,   
350.093597,   480.477212,   590.56579,   
347.947597,   477.984712,   715.58504,   
476.030597,   232.297212,   462.67229,   
473.884597,   229.804712,   587.69154,   
471.738597,   227.312212,   712.71079,   
476.631097,   357.325962,   465.171415,   
474.485097,   354.833462,   590.190665,   
472.339097,   352.340962,   715.209915,   
477.231597,   482.354712,   467.67054,   
475.085597,   479.862212,   592.68979,   
472.939597,   477.369712,   717.70904,   
181.91099,   461.258413,   211.367578,   
185.029115,   459.861288,   336.289578,   
188.14724,   458.464163,   461.211578,   
183.64474,   586.256038,   212.753828,   
186.762865,   584.858913,   337.675828,   
189.88099,   583.461788,   462.597828,   
185.37849,   711.253663,   214.140078,   
188.496615,   709.856538,   339.062078,   
191.61474,   708.459413,   463.984078,   
306.824115,   459.500288,   208.243578,   
309.94224,   458.103163,   333.165578,   
313.060365,   456.706038,   458.087578,   
308.557865,   584.497913,   209.629828,   
311.67599,   583.100788,   334.551828,   
314.794115,   581.703663,   459.473828,   
310.291615,   709.495538,   211.016078,   
313.40974,   708.098413,   335.938078,   
316.527865,   706.701288,   460.860078,   
431.73724,   457.742163,   205.119578,   
434.855365,   456.345038,   330.041578,   
437.97349,   454.947913,   454.963578,   
433.47099,   582.739788,   206.505828,   
436.589115,   581.342663,   331.427828,   
439.70724,   579.945538,   456.349828,   
435.20474,   707.737413,   207.892078,   
438.322865,   706.340288,   332.814078,   
441.44099,   704.943163,   457.736078,   
209.006724,   428.183154,   447.02689,   
210.639599,   429.678654,   572.049015,   
212.272474,   431.174154,   697.07114,   
212.004099,   553.198904,   445.524265,   
213.636974,   554.694404,   570.54639,   
215.269849,   556.189904,   695.568515,   
215.001474,   678.214654,   444.02164,   
216.634349,   679.710154,   569.043765,   
218.267224,   681.205654,   694.06589,   
333.996974,   425.071654,   445.37714,   
335.629849,   426.567154,   570.399265,   
337.262724,   428.062654,   695.42139,   
336.994349,   550.087404,   443.874515,   
338.627224,   551.582904,   568.89664,   
340.260099,   553.078404,   693.918765,   
339.991724,   675.103154,   442.37189,   
341.624599,   676.598654,   567.394015,   
343.257474,   678.094154,   692.41614,   
458.987224,   421.960154,   443.72739,   
460.620099,   423.455654,   568.749515,   
462.252974,   424.951154,   693.77164,   
461.984599,   546.975904,   442.224765,   
463.617474,   548.471404,   567.24689,   
465.250349,   549.966904,   692.269015,   
464.981974,   671.991654,   440.72214,   
466.614849,   673.487154,   565.744265,   
468.247724,   674.982654,   690.76639,   
455.232812,   171.702368,   207.747408,   
454.970062,   174.581118,   332.739033,   
454.707312,   177.459868,   457.730658,   
458.873437,   296.590868,   204.903783,   
458.610687,   299.469618,   329.895408,   
458.347937,   302.348368,   454.887033,   
462.514062,   421.479368,   202.060158,   
462.251312,   424.358118,   327.051783,   
461.988562,   427.236868,   452.043408,   
580.137562,   168.073618,   208.147783,   
579.874812,   170.952368,   333.139408,   
579.612062,   173.831118,   458.131033,   
583.778187,   292.962118,   205.304158,   
583.515437,   295.840868,   330.295783,   
583.252687,   298.719618,   455.287408,   
587.418812,   417.850618,   202.460533,   
587.156062,   420.729368,   327.452158,   
586.893312,   423.608118,   452.443783,   
705.042312,   164.444868,   208.548158,   
704.779562,   167.323618,   333.539783,   
704.516812,   170.202368,   458.531408,   
708.682937,   289.333368,   205.704533,   
708.420187,   292.212118,   330.696158,   
708.157437,   295.090868,   455.687783,   
712.323562,   414.221868,   202.860908,   
712.060812,   417.100618,   327.852533,   
711.798062,   419.979368,   452.844158,   
448.570458,   221.715867,   460.306869,   
448.455458,   219.595867,   585.313869,   
448.340458,   217.475867,   710.320869,   
450.302458,   346.725742,   462.453244,   
450.187458,   344.605742,   587.460244,   
450.072458,   342.485742,   712.467244,   
452.034458,   471.735617,   464.599619,   
451.919458,   469.615617,   589.606619,   
451.804458,   467.495617,   714.613619,   
573.591333,   219.966867,   460.429494,   
573.476333,   217.846867,   585.436494,   
573.361333,   215.726867,   710.443494,   
575.323333,   344.976742,   462.575869,   
575.208333,   342.856742,   587.582869,   
575.093333,   340.736742,   712.589869,   
577.055333,   469.986617,   464.722244,   
576.940333,   467.866617,   589.729244,   
576.825333,   465.746617,   714.736244,   
698.612208,   218.217867,   460.552119,   
698.497208,   216.097867,   585.559119,   
698.382208,   213.977867,   710.566119,   
700.344208,   343.227742,   462.698494,   
700.229208,   341.107742,   587.705494,   
700.114208,   338.987742,   712.712494,   
702.076208,   468.237617,   464.844869,   
701.961208,   466.117617,   589.851869,   
701.846208,   463.997617,   714.858869,   
441.689514,   473.810022,   213.619441,   
443.546514,   470.678272,   338.609691,   
445.403514,   467.546522,   463.599941,   
443.582514,   598.800272,   216.737691,   
445.439514,   595.668522,   341.727941,   
447.296514,   592.536772,   466.718191,   
445.475514,   723.790522,   219.855941,   
447.332514,   720.658772,   344.846191,   
449.189514,   717.527022,   469.836441,   
566.675264,   471.936272,   211.618316,   
568.532264,   468.804522,   336.608566,   
570.389264,   465.672772,   461.598816,   
568.568264,   596.926522,   214.736566,   
570.425264,   593.794772,   339.726816,   
572.282264,   590.663022,   464.717066,   
570.461264,   721.916772,   217.854816,   
572.318264,   718.785022,   342.845066,   
574.175264,   715.653272,   467.835316,   
691.661014,   470.062522,   209.617191,   
693.518014,   466.930772,   334.607441,   
695.375014,   463.799022,   459.597691,   
693.554014,   595.052772,   212.735441,   
695.411014,   591.921022,   337.725691,   
697.268014,   588.789272,   462.715941,   
695.447014,   720.043022,   215.853691,   
697.304014,   716.911272,   340.843941,   
699.161014,   713.779522,   465.834191,   
419.083974,   430.302976,   431.880574,   
421.858099,   433.280601,   556.778699,   
424.632224,   436.258226,   681.676824,   
416.221599,   555.214351,   428.865199,   
418.995724,   558.191976,   553.763324,   
421.769849,   561.169601,   678.661449,   
413.359224,   680.125726,   425.849824,   
416.133349,   683.103351,   550.747949,   
418.907474,   686.080976,   675.646074,   
543.997849,   433.063976,   429.015949,   
546.771974,   436.041601,   553.914074,   
549.546099,   439.019226,   678.812199,   
541.135474,   557.975351,   426.000574,   
543.909599,   560.952976,   550.898699,   
546.683724,   563.930601,   675.796824,   
538.273099,   682.886726,   422.985199,   
541.047224,   685.864351,   547.883324,   
543.821349,   688.841976,   672.781449,   
668.911724,   435.824976,   426.151324,   
671.685849,   438.802601,   551.049449,   
674.459974,   441.780226,   675.947574,   
666.049349,   560.736351,   423.135949,   
668.823474,   563.713976,   548.034074,   
671.597599,   566.691601,   672.932199,   
663.186974,   685.647726,   420.120574,   
665.961099,   688.625351,   545.018699,   
668.735224,   691.602976,   669.916824,   
