21.656,   -22.196,   1.794,   
18.766,   -21.306,   0.654,   
13.586,   -18.826,   -0.906,   
13.171,   -21.146,   -6.411,   
11.821,   -20.406,   -7.161,   
8.711,   -18.126,   -8.111,   
5.736,   -21.636,   -14.476,   
4.536,   -18.966,   -13.776,   
2.466,   -15.396,   -13.326,   
22.846,   -15.346,   3.529,   
18.686,   -14.306,   2.679,   
13.096,   -11.686,   2.489,   
13.561,   -15.296,   -2.696,   
10.001,   -13.696,   -3.636,   
6.411,   -11.006,   -4.016,   
5.626,   -16.326,   -8.571,   
2.236,   -12.596,   -8.351,   
-0.234,   -8.856,   -8.291,   
23.376,   -10.136,   6.534,   
17.886,   -7.756,   6.474,   
11.906,   -4.366,   7.544,   
14.101,   -11.216,   1.019,   
8.491,   -8.076,   0.819,   
4.511,   -4.266,   1.619,   
6.066,   -12.396,   -3.376,   
1.036,   -7.486,   -3.146,   
-1.504,   -2.876,   -2.816,   
-18.562,   17.66,   0.248,   
-17.837,   14.265,   -0.842,   
-18.662,   14.79,   -0.472,   
-25.067,   18.375,   2.873,   
-22.572,   14.86,   2.553,   
-22.527,   15.425,   3.403,   
-33.042,   20.97,   7.378,   
-28.867,   17.065,   7.718,   
-27.152,   15.63,   8.068,   
-19.112,   26.045,   -5.117,   
-17.127,   22.71,   -4.807,   
-15.792,   22.825,   -3.517,   
-27.377,   26.73,   -1.712,   
-23.382,   22.855,   -1.452,   
-20.877,   21.94,   -0.482,   
-35.712,   28.835,   3.903,   
-30.267,   24.02,   3.693,   
-26.432,   20.535,   3.083,   
-20.342,   34.72,   -8.722,   
-16.937,   30.795,   -7.362,   
-13.022,   29.11,   -5.702,   
-29.337,   34.785,   -4.777,   
-23.782,   30.82,   -3.907,   
-18.697,   28.375,   -3.337,   
-37.042,   36.1,   0.768,   
-30.467,   31.355,   0.468,   
-25.092,   26.89,   -0.862,   
-7.052,   -20.656,   -11.184,   
-4.752,   -18.286,   -10.644,   
-3.262,   -15.046,   -10.324,   
-13.022,   -22.101,   -17.144,   
-11.702,   -17.531,   -15.194,   
-10.672,   -12.661,   -13.424,   
-16.882,   -23.566,   -20.704,   
-17.482,   -17.706,   -18.254,   
-18.182,   -11.856,   -15.704,   
-7.072,   -14.786,   -8.839,   
-6.972,   -11.376,   -8.779,   
-5.972,   -7.956,   -8.799,   
-12.782,   -16.061,   -14.149,   
-12.972,   -10.961,   -12.759,   
-12.272,   -6.421,   -11.929,   
-15.472,   -16.926,   -19.069,   
-16.532,   -11.676,   -17.109,   
-17.502,   -6.646,   -15.559,   
-6.602,   -10.366,   -7.184,   
-8.302,   -5.706,   -7.064,   
-7.522,   -1.326,   -6.754,   
-12.052,   -10.971,   -11.524,   
-13.232,   -5.191,   -10.734,   
-12.592,   -0.221,   -10.654,   
-14.002,   -10.896,   -16.644,   
-15.262,   -5.406,   -15.354,   
-16.542,   -0.306,   -15.204,   
8.499,   -16.982,   -6.846,   
9.494,   -14.147,   -6.596,   
8.039,   -8.712,   -6.226,   
12.529,   -14.602,   -6.896,   
13.844,   -12.067,   -6.136,   
13.379,   -8.842,   -6.626,   
16.449,   -13.752,   -6.156,   
16.894,   -11.417,   -5.016,   
16.659,   -9.622,   -5.906,   
5.739,   -21.222,   -7.331,   
8.154,   -19.387,   -7.621,   
8.909,   -16.122,   -8.211,   
11.039,   -19.762,   -7.401,   
13.384,   -18.317,   -7.791,   
14.619,   -16.592,   -9.591,   
17.239,   -20.092,   -8.081,   
18.324,   -18.197,   -7.881,   
19.469,   -16.082,   -9.441,   
4.289,   -26.022,   -7.456,   
7.914,   -24.237,   -7.866,   
10.309,   -22.122,   -9.236,   
10.839,   -24.942,   -8.296,   
13.734,   -23.697,   -9.596,   
15.649,   -22.732,   -12.236,   
18.429,   -25.282,   -9.916,   
19.424,   -23.747,   -11.166,   
20.779,   -22.132,   -13.586,   
-6.439,   -12.575,   -8.448,   
-5.529,   -12.18,   -8.608,   
-5.069,   -10.705,   -7.678,   
-12.509,   -13.585,   -12.013,   
-11.599,   -12.36,   -12.333,   
-9.119,   -10.475,   -11.753,   
-17.219,   -14.775,   -14.558,   
-15.769,   -11.72,   -14.388,   
-11.959,   -9.005,   -14.198,   
-7.269,   -12.535,   -8.658,   
-6.979,   -10.55,   -8.298,   
-6.429,   -8.045,   -7.348,   
-12.599,   -13.755,   -13.573,   
-12.029,   -11.61,   -12.633,   
-9.319,   -8.685,   -11.123,   
-16.879,   -14.245,   -16.528,   
-14.979,   -11.13,   -15.578,   
-10.509,   -7.695,   -14.608,   
-9.329,   -13.385,   -6.258,   
-8.599,   -9.97,   -5.998,   
-7.439,   -6.545,   -6.378,   
-13.069,   -13.665,   -13.713,   
-10.969,   -11.41,   -11.663,   
-7.619,   -8.005,   -10.013,   
-16.349,   -12.915,   -18.778,   
-12.059,   -10.9,   -16.608,   
-6.659,   -7.245,   -14.648,   
-20.73,   -5.875,   -12.002,   
-14.45,   -7.66,   -10.652,   
-7.83,   -7.045,   -8.992,   
-15.655,   -5.555,   -10.122,   
-7.315,   -7.49,   -9.362,   
0.375,   -7.755,   -8.742,   
-9.37,   -4.015,   -6.582,   
-0.0700000000001,   -6.79,   -6.952,   
8.0,   -9.185,   -8.212,   
-22.245,   -12.67,   -16.642,   
-14.915,   -14.715,   -15.592,   
-6.545,   -15.48,   -14.522,   
-15.89,   -13.13,   -14.632,   
-6.73,   -14.605,   -13.912,   
2.01,   -15.05,   -14.302,   
-8.065,   -11.98,   -12.142,   
1.525,   -13.815,   -12.392,   
9.325,   -15.37,   -14.162,   
-23.15,   -20.655,   -20.512,   
-15.63,   -22.7,   -20.902,   
-7.12,   -24.045,   -21.142,   
-13.895,   -21.855,   -18.642,   
-5.235,   -22.5,   -18.612,   
2.415,   -21.595,   -20.132,   
-4.11,   -20.815,   -17.402,   
4.49,   -21.04,   -17.382,   
9.96,   -19.835,   -19.212,   
9.391,   -30.206,   -7.354,   
8.036,   -26.351,   -7.244,   
9.051,   -22.806,   -7.014,   
14.101,   -30.706,   -11.039,   
13.196,   -25.761,   -10.179,   
13.951,   -21.656,   -10.059,   
22.181,   -30.646,   -15.544,   
21.096,   -26.081,   -14.154,   
19.931,   -21.876,   -13.794,   
9.711,   -35.856,   -6.639,   
8.726,   -31.881,   -5.729,   
10.431,   -27.606,   -4.679,   
14.811,   -35.436,   -9.644,   
14.526,   -30.601,   -8.774,   
15.861,   -25.916,   -8.734,   
23.181,   -34.726,   -13.059,   
22.286,   -29.661,   -11.899,   
20.961,   -24.716,   -12.519,   
10.141,   -40.606,   -6.214,   
11.536,   -37.731,   -4.104,   
14.271,   -33.286,   -2.054,   
15.221,   -39.586,   -9.179,   
17.066,   -35.791,   -7.479,   
19.371,   -30.666,   -6.629,   
22.641,   -39.036,   -10.724,   
22.596,   -33.631,   -8.924,   
21.711,   -27.506,   -9.504,   
-19.951,   23.024,   1.78,   
-11.856,   15.799,   1.385,   
-4.991,   8.894,   0.02,   
-16.641,   24.184,   10.09,   
-9.136,   16.429,   8.955,   
-2.571,   8.404,   6.42,   
-11.981,   23.894,   17.58,   
-6.356,   16.389,   16.565,   
-0.421,   9.024,   14.34,   
-18.521,   19.704,   -2.59,   
-10.126,   13.459,   -2.855,   
-3.601,   7.564,   -4.71,   
-14.721,   21.404,   4.77,   
-7.486,   14.579,   3.345,   
-2.151,   7.404,   0.59,   
-10.941,   22.554,   12.43,   
-6.036,   15.459,   10.235,   
-1.291,   7.674,   7.26,   
-14.561,   15.544,   -6.63,   
-7.176,   10.909,   -6.675,   
-2.941,   7.824,   -8.6,   
-11.201,   18.154,   0.18,   
-5.206,   13.109,   -0.815,   
-2.781,   8.334,   -3.2,   
-10.281,   21.224,   8.86,   
-6.496,   15.379,   6.345,   
-4.221,   7.864,   3.0,   
Average difference: 13.0221419753