EM pivot post est position: 190.662083603,	204.361699659,	210.669408953
Optical pivot post est position: 396.5697604,	398.575661051,	204.645072925
187.555164,   174.537596,   205.577174,   
189.169164,   178.042221,   330.530049,   
190.783164,   181.546846,   455.482924,   
185.169664,   299.488971,   202.079549,   
186.783664,   302.993596,   327.032424,   
188.397664,   306.498221,   451.985299,   
182.784164,   424.440346,   198.581924,   
184.398164,   427.944971,   323.534799,   
186.012164,   431.449596,   448.487674,   
312.547914,   176.935096,   203.859049,   
314.161914,   180.439721,   328.811924,   
315.775914,   183.944346,   453.764799,   
310.162414,   301.886471,   200.361424,   
311.776414,   305.391096,   325.314299,   
313.390414,   308.895721,   450.267174,   
307.776914,   426.837846,   196.863799,   
309.390914,   430.342471,   321.816674,   
311.004914,   433.847096,   446.769549,   
437.540664,   179.332596,   202.140924,   
439.154664,   182.837221,   327.093799,   
440.768664,   186.341846,   452.046674,   
435.155164,   304.283971,   198.643299,   
436.769164,   307.788596,   323.596174,   
438.383164,   311.293221,   448.549049,   
432.769664,   429.235346,   195.145674,   
434.383664,   432.739971,   320.098549,   
435.997664,   436.244596,   445.051424,   
219.283168,   221.632424,   454.248152,   
217.779168,   220.650424,   579.259652,   
216.275168,   219.668424,   704.271152,   
215.910168,   346.540424,   455.273902,   
214.406168,   345.558424,   580.285402,   
212.902168,   344.576424,   705.296902,   
212.537168,   471.448424,   456.299652,   
211.033168,   470.466424,   581.311152,   
209.529168,   469.484424,   706.322652,   
344.206668,   224.999424,   455.766402,   
342.702668,   224.017424,   580.777902,   
341.198668,   223.035424,   705.789402,   
340.833668,   349.907424,   456.792152,   
339.329668,   348.925424,   581.803652,   
337.825668,   347.943424,   706.815152,   
337.460668,   474.815424,   457.817902,   
335.956668,   473.833424,   582.829402,   
334.452668,   472.851424,   707.840902,   
469.130168,   228.366424,   457.284652,   
467.626168,   227.384424,   582.296152,   
466.122168,   226.402424,   707.307652,   
465.757168,   353.274424,   458.310402,   
464.253168,   352.292424,   583.321902,   
462.749168,   351.310424,   708.333402,   
462.384168,   478.182424,   459.336152,   
460.880168,   477.200424,   584.347652,   
459.376168,   476.218424,   709.359152,   
203.148676,   436.289736,   210.14102,   
203.530176,   437.408736,   335.16102,   
203.911676,   438.527736,   460.18102,   
202.913301,   561.299236,   209.00927,   
203.294801,   562.418236,   334.02927,   
203.676301,   563.537236,   459.04927,   
202.677926,   686.308736,   207.87752,   
203.059426,   687.427736,   332.89752,   
203.440926,   688.546736,   457.91752,   
328.165176,   436.545736,   209.76902,   
328.546676,   437.664736,   334.78902,   
328.928176,   438.783736,   459.80902,   
327.929801,   561.555236,   208.63727,   
328.311301,   562.674236,   333.65727,   
328.692801,   563.793236,   458.67727,   
327.694426,   686.564736,   207.50552,   
328.075926,   687.683736,   332.52552,   
328.457426,   688.802736,   457.54552,   
453.181676,   436.801736,   209.39702,   
453.563176,   437.920736,   334.41702,   
453.944676,   439.039736,   459.43702,   
452.946301,   561.811236,   208.26527,   
453.327801,   562.930236,   333.28527,   
453.709301,   564.049236,   458.30527,   
452.710926,   686.820736,   207.13352,   
453.092426,   687.939736,   332.15352,   
453.473926,   689.058736,   457.17352,   
197.0802,   426.17974,   438.322552,   
199.616825,   428.377365,   563.227927,   
202.15345,   430.57499,   688.133302,   
198.5992,   551.18774,   436.069552,   
201.135825,   553.385365,   560.974927,   
203.67245,   555.58299,   685.880302,   
200.1182,   676.19574,   433.816552,   
202.654825,   678.393365,   558.721927,   
205.19145,   680.59099,   683.627302,   
322.11195,   424.55824,   435.822802,   
324.648575,   426.755865,   560.728177,   
327.1852,   428.95349,   685.633552,   
323.63095,   549.56624,   433.569802,   
326.167575,   551.763865,   558.475177,   
328.7042,   553.96149,   683.380552,   
325.14995,   674.57424,   431.316802,   
327.686575,   676.771865,   556.222177,   
330.2232,   678.96949,   681.127552,   
447.1437,   422.93674,   433.323052,   
449.680325,   425.134365,   558.228427,   
452.21695,   427.33199,   683.133802,   
448.6627,   547.94474,   431.070052,   
451.199325,   550.142365,   555.975427,   
453.73595,   552.33999,   680.880802,   
450.1817,   672.95274,   428.817052,   
452.718325,   675.150365,   553.722427,   
455.25495,   677.34799,   678.627802,   
469.873631,   243.144527,   229.321566,   
467.586256,   239.655902,   354.297566,   
465.298881,   236.167277,   479.273566,   
469.217006,   368.159402,   232.796816,   
466.929631,   364.670777,   357.772816,   
464.642256,   361.182152,   482.748816,   
468.560381,   493.174277,   236.272066,   
466.273006,   489.685652,   361.248066,   
463.985631,   486.197027,   486.224066,   
594.893256,   243.765152,   231.582816,   
592.605881,   240.276527,   356.558816,   
590.318506,   236.787902,   481.534816,   
594.236631,   368.780027,   235.058066,   
591.949256,   365.291402,   360.034066,   
589.661881,   361.802777,   485.010066,   
593.580006,   493.794902,   238.533316,   
591.292631,   490.306277,   363.509316,   
589.005256,   486.817652,   488.485316,   
719.912881,   244.385777,   233.844066,   
717.625506,   240.897152,   358.820066,   
715.338131,   237.408527,   483.796066,   
719.256256,   369.400652,   237.319316,   
716.968881,   365.912027,   362.295316,   
714.681506,   362.423402,   487.271316,   
718.599631,   494.415527,   240.794566,   
716.312256,   490.926902,   365.770566,   
714.024881,   487.438277,   490.746566,   
471.670085,   206.562166,   457.485097,   
469.670085,   206.062166,   582.497722,   
467.670085,   205.562166,   707.510347,   
472.921335,   331.561666,   457.978847,   
470.921335,   331.061666,   582.991472,   
468.921335,   330.561666,   708.004097,   
474.172585,   456.561166,   458.472597,   
472.172585,   456.061166,   583.485222,   
470.172585,   455.561166,   708.497847,   
596.68321,   205.306916,   459.482597,   
594.68321,   204.806916,   584.495222,   
592.68321,   204.306916,   709.507847,   
597.93446,   330.306416,   459.976347,   
595.93446,   329.806416,   584.988972,   
593.93446,   329.306416,   710.001597,   
599.18571,   455.305916,   460.470097,   
597.18571,   454.805916,   585.482722,   
595.18571,   454.305916,   710.495347,   
721.696335,   204.051666,   461.480097,   
719.696335,   203.551666,   586.492722,   
717.696335,   203.051666,   711.505347,   
722.947585,   329.051166,   461.973847,   
720.947585,   328.551166,   586.986472,   
718.947585,   328.051166,   711.999097,   
724.198835,   454.050666,   462.467597,   
722.198835,   453.550666,   587.480222,   
720.198835,   453.050666,   712.492847,   
477.894011,   433.458118,   219.183952,   
475.886136,   434.074368,   344.180952,   
473.878261,   434.690618,   469.177952,   
481.151636,   558.366493,   218.583202,   
479.143761,   558.982743,   343.580202,   
477.135886,   559.598993,   468.577202,   
484.409261,   683.274868,   217.982452,   
482.401386,   683.891118,   342.979452,   
480.393511,   684.507368,   467.976452,   
602.789636,   430.201743,   221.291702,   
600.781761,   430.817993,   346.288702,   
598.773886,   431.434243,   471.285702,   
606.047261,   555.110118,   220.690952,   
604.039386,   555.726368,   345.687952,   
602.031511,   556.342618,   470.684952,   
609.304886,   680.018493,   220.090202,   
607.297011,   680.634743,   345.087202,   
605.289136,   681.250993,   470.084202,   
727.685261,   426.945368,   223.399452,   
725.677386,   427.561618,   348.396452,   
723.669511,   428.177868,   473.393452,   
730.942886,   551.853743,   222.798702,   
728.935011,   552.469993,   347.795702,   
726.927136,   553.086243,   472.792702,   
734.200511,   676.762118,   222.197952,   
732.192636,   677.378368,   347.194952,   
730.184761,   677.994618,   472.191952,   
443.40247,   485.615756,   465.614958,   
443.096345,   482.470506,   590.540833,   
442.79022,   479.325256,   715.466708,   
440.347095,   610.590256,   468.679208,   
440.04097,   607.445006,   593.605083,   
439.734845,   604.299756,   718.530958,   
437.29172,   735.564756,   471.743458,   
436.985595,   732.419506,   596.669333,   
436.67947,   729.274256,   721.595208,   
568.358595,   488.608506,   466.075333,   
568.05247,   485.463256,   591.001208,   
567.746345,   482.318006,   715.927083,   
565.30322,   613.583006,   469.139583,   
564.997095,   610.437756,   594.065458,   
564.69097,   607.292506,   718.991333,   
562.247845,   738.557506,   472.203833,   
561.94172,   735.412256,   597.129708,   
561.635595,   732.267006,   722.055583,   
693.31472,   491.601256,   466.535708,   
693.008595,   488.456006,   591.461583,   
692.70247,   485.310756,   716.387458,   
690.259345,   616.575756,   469.599958,   
689.95322,   613.430506,   594.525833,   
689.647095,   610.285256,   719.451708,   
687.20397,   741.550256,   472.664208,   
686.897845,   738.405006,   597.590083,   
686.59172,   735.259756,   722.515958,   
