8.162,   -22.958,   -2.17,   
6.867,   -18.763,   -2.15,   
5.582,   -14.558,   -2.13,   
9.887,   -22.938,   -6.375,   
8.602,   -18.743,   -6.355,   
7.307,   -14.538,   -6.335,   
11.622,   -22.918,   -10.58,   
10.327,   -18.723,   -10.56,   
9.042,   -14.518,   -10.54,   
8.162,   -24.703,   -0.895,   
6.877,   -20.498,   -0.875,   
5.582,   -16.293,   -0.855,   
9.897,   -24.683,   -5.1,   
8.602,   -20.478,   -5.08,   
7.317,   -16.273,   -5.06,   
11.622,   -24.663,   -9.305,   
10.337,   -20.458,   -9.285,   
9.042,   -16.253,   -9.265,   
8.172,   -26.448,   0.38,   
6.877,   -22.243,   0.4,   
5.592,   -18.038,   0.42,   
9.897,   -26.418,   -3.825,   
8.612,   -22.223,   -3.805,   
7.317,   -18.018,   -3.785,   
11.632,   -26.398,   -8.03,   
10.337,   -22.203,   -8.01,   
9.052,   -17.998,   -7.99,   
19.695,   0.202,   4.201,   
14.655,   0.507,   4.221,   
9.615,   0.822,   4.251,   
17.745,   0.202,   3.906,   
12.705,   0.517,   3.936,   
7.665,   0.822,   3.956,   
15.795,   0.212,   3.611,   
10.755,   0.517,   3.641,   
5.715,   0.832,   3.671,   
19.725,   2.142,   9.241,   
14.685,   2.457,   9.261,   
9.635,   2.772,   9.291,   
17.775,   2.152,   8.946,   
12.735,   2.457,   8.976,   
7.695,   2.772,   8.996,   
15.825,   2.152,   8.661,   
10.785,   2.467,   8.681,   
5.745,   2.772,   8.711,   
19.755,   4.092,   14.281,   
14.715,   4.407,   14.311,   
9.665,   4.712,   14.331,   
17.805,   4.092,   13.986,   
12.765,   4.407,   14.016,   
7.725,   4.712,   14.046,   
15.855,   4.102,   13.701,   
10.815,   4.407,   13.721,   
5.775,   4.722,   13.751,   
28.389,   20.426,   12.256,   
21.919,   16.916,   12.306,   
15.439,   13.416,   12.356,   
25.909,   20.446,   15.786,   
19.439,   16.936,   15.846,   
12.959,   13.436,   15.896,   
23.429,   20.466,   19.326,   
16.959,   16.956,   19.376,   
10.479,   13.456,   19.436,   
28.439,   22.946,   18.706,   
21.959,   19.446,   18.756,   
15.489,   15.946,   18.816,   
25.959,   22.966,   22.246,   
19.479,   19.466,   22.296,   
13.009,   15.956,   22.346,   
23.479,   22.986,   25.776,   
16.999,   19.486,   25.836,   
10.529,   15.976,   25.886,   
28.479,   25.476,   25.156,   
22.009,   21.966,   25.216,   
15.539,   18.466,   25.266,   
25.999,   25.496,   28.696,   
19.529,   21.986,   28.746,   
13.059,   18.486,   28.806,   
23.519,   25.516,   32.236,   
17.049,   22.006,   32.286,   
10.579,   18.506,   32.336,   
-26.894,   -14.1,   -10.909,   
-19.639,   -11.11,   -10.849,   
-12.384,   -8.13,   -10.789,   
-24.794,   -14.09,   -13.859,   
-17.539,   -11.1,   -13.799,   
-10.284,   -8.11,   -13.739,   
-22.694,   -14.07,   -16.819,   
-15.439,   -11.09,   -16.759,   
-8.184,   -8.1,   -16.699,   
-26.834,   -16.275,   -18.174,   
-19.579,   -13.295,   -18.114,   
-12.324,   -10.305,   -18.054,   
-24.734,   -16.265,   -21.134,   
-17.479,   -13.275,   -21.074,   
-10.224,   -10.295,   -21.004,   
-22.644,   -16.255,   -24.084,   
-15.379,   -13.265,   -24.024,   
-8.124,   -10.285,   -23.964,   
-26.774,   -18.46,   -25.449,   
-19.519,   -15.47,   -25.379,   
-12.264,   -12.49,   -25.319,   
-24.674,   -18.44,   -28.399,   
-17.419,   -15.46,   -28.339,   
-10.164,   -12.47,   -28.279,   
-22.584,   -18.43,   -31.349,   
-15.329,   -15.45,   -31.289,   
-8.074,   -12.46,   -31.229,   
-33.638,   37.574,   -4.617,   
-27.198,   30.554,   -4.652,   
-20.758,   23.524,   -4.687,   
-34.278,   37.624,   2.393,   
-27.838,   30.604,   2.358,   
-21.398,   23.574,   2.323,   
-34.918,   37.674,   9.403,   
-28.478,   30.654,   9.368,   
-22.038,   23.624,   9.333,   
-33.598,   38.249,   -10.942,   
-27.158,   31.229,   -10.977,   
-20.718,   24.199,   -11.012,   
-34.238,   38.299,   -3.932,   
-27.798,   31.279,   -3.967,   
-21.358,   24.249,   -3.992,   
-34.868,   38.349,   3.088,   
-28.438,   31.329,   3.053,   
-21.998,   24.299,   3.018,   
-33.548,   38.924,   -17.257,   
-27.118,   31.904,   -17.292,   
-20.678,   24.874,   -17.327,   
-34.188,   38.974,   -10.247,   
-27.758,   31.954,   -10.282,   
-21.318,   24.924,   -10.317,   
-34.828,   39.024,   -3.237,   
-28.398,   32.004,   -3.272,   
-21.958,   24.974,   -3.307,   
-34.301,   -13.534,   -16.649,   
-27.496,   -7.574,   -16.684,   
-20.691,   -1.614,   -16.729,   
-41.201,   -13.579,   -22.699,   
-34.396,   -7.619,   -22.744,   
-27.581,   -1.659,   -22.779,   
-48.101,   -13.624,   -28.749,   
-41.296,   -7.654,   -28.794,   
-34.481,   -1.694,   -28.839,   
-34.336,   -6.679,   -23.374,   
-27.531,   -0.719,   -23.409,   
-20.716,   5.241,   -23.454,   
-41.236,   -6.724,   -29.424,   
-34.421,   -0.764,   -29.469,   
-27.616,   5.196,   -29.514,   
-48.136,   -6.759,   -35.474,   
-41.321,   -0.799,   -35.519,   
-34.516,   5.161,   -35.564,   
-34.371,   0.176,   -30.099,   
-27.556,   6.136,   -30.134,   
-20.751,   12.096,   -30.179,   
-41.271,   0.131,   -36.149,   
-34.456,   6.091,   -36.194,   
-27.651,   12.051,   -36.239,   
-48.161,   0.096,   -42.199,   
-41.356,   6.056,   -42.244,   
-34.551,   12.016,   -42.289,   
21.89,   -4.128,   6.401,   
16.93,   -2.618,   6.431,   
11.98,   -1.118,   6.461,   
19.92,   -4.118,   4.921,   
14.96,   -2.618,   4.941,   
10.01,   -1.108,   4.971,   
17.95,   -4.118,   3.431,   
12.99,   -2.608,   3.461,   
8.04,   -1.108,   3.481,   
21.92,   -2.168,   11.371,   
16.96,   -0.668,   11.391,   
12.0,   0.842,   11.421,   
19.95,   -2.168,   9.881,   
14.99,   -0.658,   9.911,   
10.03,   0.842,   9.931,   
17.98,   -2.158,   8.391,   
13.02,   -0.658,   8.421,   
8.06,   0.852,   8.451,   
21.95,   -0.218,   16.331,   
16.99,   1.292,   16.361,   
12.03,   2.792,   16.381,   
19.98,   -0.208,   14.841,   
15.02,   1.292,   14.871,   
10.06,   2.802,   14.901,   
18.01,   -0.208,   13.361,   
13.05,   1.302,   13.381,   
8.09,   2.802,   13.411,   
-20.758,   22.721,   1.277,   
-18.023,   19.426,   1.297,   
-15.298,   16.131,   1.317,   
-25.768,   22.751,   4.542,   
-23.043,   19.456,   4.562,   
-20.308,   16.161,   4.582,   
-30.778,   22.791,   7.807,   
-28.053,   19.496,   7.827,   
-25.318,   16.201,   7.847,   
-20.728,   27.711,   -1.488,   
-17.993,   24.416,   -1.468,   
-15.268,   21.121,   -1.448,   
-25.738,   27.751,   1.777,   
-23.003,   24.456,   1.797,   
-20.278,   21.161,   1.817,   
-30.748,   27.781,   5.042,   
-28.023,   24.486,   5.062,   
-25.288,   21.191,   5.082,   
-20.688,   32.711,   -4.253,   
-17.963,   29.416,   -4.233,   
-15.228,   26.121,   -4.213,   
-25.708,   32.741,   -0.988,   
-22.973,   29.446,   -0.968,   
-20.248,   26.151,   -0.948,   
-30.718,   32.781,   2.287,   
-27.983,   29.486,   2.297,   
-25.258,   26.191,   2.317,   
Average difference: 16.0450277778