-15.284836,   -34.432404,   -7.652826,   
-20.050836,   -29.037779,   -1.879951,   
-22.696836,   -23.713154,   0.592924,   
-22.720336,   -32.111029,   -16.630451,   
-26.266336,   -27.666404,   -10.677576,   
-26.642336,   -24.151779,   -7.494701,   
-27.845836,   -33.079654,   -25.358076,   
-29.691836,   -27.035029,   -21.235201,   
-28.587836,   -22.370404,   -18.242326,   
-18.452086,   -26.524904,   -6.310951,   
-18.918086,   -21.720279,   -7.518076,   
-18.264086,   -17.185654,   -8.085201,   
-24.087586,   -29.543529,   -16.548576,   
-25.003586,   -25.178904,   -14.645701,   
-24.779586,   -19.644279,   -13.302826,   
-30.013086,   -32.522154,   -26.586201,   
-30.439086,   -26.627529,   -22.463326,   
-29.575086,   -19.282904,   -20.250451,   
-23.859336,   -20.297404,   -6.929076,   
-17.935336,   -14.662779,   -11.856201,   
-13.221336,   -10.328154,   -13.923326,   
-26.684836,   -25.656029,   -17.826701,   
-23.610836,   -21.361404,   -18.523826,   
-21.446836,   -14.746779,   -19.090951,   
-31.320336,   -30.014654,   -27.754326,   
-30.016336,   -25.280029,   -24.911451,   
-28.502336,   -16.595404,   -23.848576,   
3.453168,   7.572424,   10.238152,   
1.029168,   4.240424,   6.539652,   
5.245168,   2.078424,   -1.448848,   
-2.539832,   7.450424,   10.753902,   
-3.553832,   3.478424,   7.855402,   
0.022168,   1.316424,   -0.503098,   
-6.702832,   9.358424,   8.939652,   
-7.676832,   5.566424,   7.581152,   
-5.580832,   2.634424,   1.782652,   
7.746668,   16.349424,   8.146402,   
5.602668,   11.957424,   8.337902,   
6.868668,   8.825424,   9.129402,   
-0.806332,   13.687424,   11.752152,   
-3.750332,   12.615424,   10.833652,   
-2.864332,   13.913424,   8.365152,   
-7.449332,   13.605424,   13.637902,   
-10.653332,   14.493424,   12.419402,   
-10.747332,   16.701424,   8.700902,   
12.290168,   25.156424,   8.624652,   
9.646168,   20.074424,   10.636152,   
6.012168,   16.462424,   15.447652,   
2.377168,   20.034424,   12.450402,   
-1.386832,   20.562424,   13.011902,   
-3.640832,   23.770424,   14.363402,   
-6.415832,   17.732424,   16.666152,   
-10.049832,   21.110424,   16.007652,   
-11.143832,   26.588424,   14.339152,   
-1.651324,   -10.650264,   -6.57898,   
-6.209824,   -9.611264,   -2.60898,   
-7.878324,   -9.662264,   0.66102,   
1.423301,   -14.020764,   -9.46073,   
-2.845199,   -9.951764,   -7.98073,   
-4.853699,   -7.202764,   -6.35073,   
6.187926,   -16.951264,   -9.95248,   
1.799426,   -10.602264,   -11.75248,   
-1.609074,   -5.283264,   -13.37248,   
-3.684824,   -14.354264,   -5.15098,   
-6.783324,   -13.395264,   -1.28098,   
-8.751824,   -10.996264,   1.17902,   
-3.850199,   -14.044764,   -8.40273,   
-5.948699,   -11.185764,   -5.67273,   
-6.737199,   -8.196764,   -4.04273,   
-2.805574,   -10.505264,   -9.49448,   
-3.174074,   -6.166264,   -10.56448,   
-2.722574,   -3.927264,   -11.55448,   
-5.188324,   -16.138264,   -3.77298,   
-6.466824,   -16.399264,   -0.97298,   
-7.725324,   -12.840264,   0.33702,   
-7.533699,   -14.858764,   -6.19473,   
-7.812199,   -13.589764,   -3.12473,   
-7.450699,   -10.280764,   -1.67473,   
-10.129074,   -9.069264,   -7.04648,   
-7.927574,   -5.520264,   -6.36648,   
-4.756074,   -4.091264,   -5.90648,   
-16.8698,   -26.12026,   -8.577448,   
-9.663175,   -23.772635,   -10.092073,   
0.80345,   -20.70501,   -16.496698,   
-10.1308,   -23.77226,   -17.910448,   
-3.904175,   -20.274635,   -18.195073,   
4.93245,   -18.60701,   -20.649698,   
-3.2018,   -21.97426,   -26.873448,   
1.054825,   -16.856635,   -27.338073,   
8.20145,   -15.12901,   -25.072698,   
-17.49805,   -31.43176,   -12.047198,   
-12.381425,   -24.494135,   -13.391823,   
-4.3048,   -16.46651,   -17.746448,   
-11.83905,   -28.47376,   -19.740198,   
-6.172425,   -22.826135,   -20.704823,   
0.9842,   -18.13851,   -23.029448,   
-4.36005,   -23.92576,   -29.463198,   
2.026575,   -22.188135,   -29.297823,   
8.9232,   -23.17051,   -27.052448,   
-16.4163,   -37.00326,   -16.986948,   
-12.039675,   -27.045635,   -17.941573,   
-5.02305,   -15.35801,   -19.666198,   
-12.6173,   -34.12526,   -21.539948,   
-6.840675,   -26.947635,   -22.394573,   
0.28595,   -19.67001,   -24.279198,   
-6.4283,   -27.48726,   -28.062948,   
1.458325,   -27.289635,   -27.807573,   
7.91495,   -29.44201,   -27.352198,   
19.783631,   36.334527,   26.541566,   
17.336256,   27.405902,   21.897566,   
13.598881,   17.627277,   19.663566,   
20.207006,   31.179402,   29.296816,   
15.169631,   20.960777,   29.112816,   
9.062256,   13.262152,   29.028816,   
18.960381,   27.214277,   33.022066,   
12.363006,   17.835652,   36.198066,   
5.935631,   11.757027,   37.834066,   
16.773256,   36.085152,   29.212816,   
16.895881,   29.426527,   27.208816,   
14.548506,   20.317902,   26.124816,   
18.896631,   34.080027,   32.828066,   
15.709256,   23.631402,   33.084066,   
11.201881,   14.752777,   32.700066,   
19.190006,   30.554902,   37.523316,   
13.472631,   19.286277,   39.919316,   
8.275256,   11.557652,   41.285316,   
19.172881,   34.245777,   27.994066,   
15.555506,   30.507152,   32.450066,   
10.808131,   22.558527,   34.686066,   
20.536256,   39.040652,   33.949316,   
15.838881,   29.042027,   36.605316,   
11.641506,   17.233402,   37.511316,   
21.359631,   37.275527,   40.334566,   
15.542256,   24.366902,   42.280566,   
11.524881,   13.048277,   43.566566,   
22.520085,   -0.407834,   5.015097,   
18.820085,   -4.567834,   7.127722,   
14.460085,   -6.877834,   11.990347,   
21.661335,   -5.348334,   8.208847,   
16.881335,   -3.778334,   8.561472,   
13.931335,   0.401666,   9.854097,   
22.232585,   -7.048834,   11.292597,   
17.532585,   -2.758834,   10.425222,   
15.682585,   3.271166,   8.607847,   
23.41321,   -1.733084,   11.282597,   
18.29321,   -5.923084,   11.595222,   
10.77321,   -8.933084,   12.357847,   
23.75446,   -7.533584,   11.766347,   
19.08446,   -7.473584,   11.348972,   
15.11446,   -4.553584,   11.031597,   
24.27571,   -11.074084,   14.300097,   
21.18571,   -8.144084,   13.582722,   
20.19571,   -2.664084,   11.825347,   
19.596335,   -3.378334,   19.540097,   
13.616335,   -7.498334,   16.412722,   
7.276335,   -11.518334,   9.405347,   
23.847585,   -8.688834,   16.523847,   
20.537585,   -12.868834,   13.886472,   
18.047585,   -14.428834,   8.589097,   
27.528835,   -13.249334,   16.387597,   
26.688835,   -15.279334,   14.950222,   
27.408835,   -14.479334,   11.042847,   
28.444011,   -20.541882,   8.673952,   
22.276136,   -21.695632,   11.610952,   
16.188261,   -19.339382,   12.907952,   
33.391636,   -19.243507,   7.113202,   
28.003761,   -18.927257,   10.210202,   
23.435886,   -16.671007,   11.747202,   
38.109261,   -13.485132,   7.112452,   
35.291386,   -10.858882,   7.589452,   
33.363511,   -10.402632,   8.116452,   
28.669636,   -25.088257,   12.711702,   
23.261761,   -27.912007,   14.998702,   
18.453886,   -27.275757,   15.915702,   
33.007261,   -26.819882,   12.290952,   
27.819386,   -27.443632,   15.397952,   
24.191511,   -25.527382,   17.184952,   
35.464886,   -25.401507,   13.000202,   
32.697011,   -21.435257,   15.677202,   
31.379136,   -18.899007,   18.184202,   
30.355261,   -26.224632,   15.289452,   
24.997386,   -30.758382,   17.266452,   
21.489511,   -33.682132,   18.223452,   
35.632886,   -33.716257,   15.388702,   
29.845011,   -34.940007,   17.795702,   
26.717136,   -33.993757,   20.272702,   
38.720511,   -41.317882,   16.207952,   
33.352636,   -35.261632,   20.284952,   
30.414761,   -29.125382,   24.551952,   
-11.84753,   28.905756,   17.804958,   
-13.193655,   27.980506,   17.060833,   
-11.81978,   28.945256,   15.176708,   
-17.212905,   31.530256,   24.049208,   
-17.11903,   27.915006,   23.135083,   
-15.595155,   24.199756,   21.340958,   
-20.46828,   38.364756,   28.213458,   
-18.294405,   28.349506,   28.699333,   
-16.84053,   15.174256,   29.095208,   
-9.701405,   33.698506,   17.275333,   
-9.52753,   31.313256,   16.601208,   
-7.353655,   31.448006,   14.887083,   
-16.57678,   35.123006,   26.019583,   
-14.752905,   31.487756,   25.545458,   
-11.70903,   28.212506,   23.301333,   
-22.562155,   41.757506,   34.783833,   
-19.38828,   33.742256,   34.939708,   
-17.404405,   22.167006,   32.585583,   
-6.47528,   40.311256,   16.215708,   
-4.061405,   32.556006,   14.491583,   
-0.34753,   28.290756,   10.627458,   
-13.710655,   39.545756,   25.179958,   
-10.09678,   33.890506,   24.715833,   
-5.492905,   29.535256,   20.791708,   
-22.86603,   43.460256,   36.884208,   
-20.062155,   39.225006,   36.630083,   
-17.27828,   31.999756,   31.635958,   
Average difference: 17.3359527531