EM pivot post est position: 192.481440132,	194.217034361,	200.664752473
Optical pivot post est position: 390.077038636,	397.444978724,	195.165551293
212.104,   204.852,   209.979,   
212.104,   204.852,   334.979,   
212.104,   204.852,   459.979,   
214.229,   329.852,   209.979,   
214.229,   329.852,   334.979,   
214.229,   329.852,   459.979,   
216.354,   454.852,   209.979,   
216.354,   454.852,   334.979,   
216.354,   454.852,   459.979,   
337.104,   202.727,   209.979,   
337.104,   202.727,   334.979,   
337.104,   202.727,   459.979,   
339.229,   327.727,   209.979,   
339.229,   327.727,   334.979,   
339.229,   327.727,   459.979,   
341.354,   452.727,   209.979,   
341.354,   452.727,   334.979,   
341.354,   452.727,   459.979,   
462.104,   200.602,   209.979,   
462.104,   200.602,   334.979,   
462.104,   200.602,   459.979,   
464.229,   325.602,   209.979,   
464.229,   325.602,   334.979,   
464.229,   325.602,   459.979,   
466.354,   450.602,   209.979,   
466.354,   450.602,   334.979,   
466.354,   450.602,   459.979,   
225.9,   173.008,   447.968,   
224.65,   176.633,   572.968,   
223.4,   180.258,   697.968,   
229.025,   297.883,   444.468,   
227.775,   301.508,   569.468,   
226.525,   305.133,   694.468,   
232.15,   422.758,   440.968,   
230.9,   426.383,   565.968,   
229.65,   430.008,   690.968,   
350.9,   169.883,   449.343,   
349.65,   173.508,   574.343,   
348.4,   177.133,   699.343,   
354.025,   294.758,   445.843,   
352.775,   298.383,   570.843,   
351.525,   302.008,   695.843,   
357.15,   419.633,   442.343,   
355.9,   423.258,   567.343,   
354.65,   426.883,   692.343,   
475.9,   166.758,   450.718,   
474.65,   170.383,   575.718,   
473.4,   174.008,   700.718,   
479.025,   291.633,   447.218,   
477.775,   295.258,   572.218,   
476.525,   298.883,   697.218,   
482.15,   416.508,   443.718,   
480.9,   420.133,   568.718,   
479.65,   423.758,   693.718,   
206.627,   472.167,   219.134,   
207.377,   469.917,   344.134,   
208.127,   467.667,   469.134,   
207.377,   597.167,   221.384,   
208.127,   594.917,   346.384,   
208.877,   592.667,   471.384,   
208.127,   722.167,   223.634,   
208.877,   719.917,   348.634,   
209.627,   717.667,   473.634,   
331.627,   471.417,   218.384,   
332.377,   469.167,   343.384,   
333.127,   466.917,   468.384,   
332.377,   596.417,   220.634,   
333.127,   594.167,   345.634,   
333.877,   591.917,   470.634,   
333.127,   721.417,   222.884,   
333.877,   719.167,   347.884,   
334.627,   716.917,   472.884,   
456.627,   470.667,   217.634,   
457.377,   468.417,   342.634,   
458.127,   466.167,   467.634,   
457.377,   595.667,   219.884,   
458.127,   593.417,   344.884,   
458.877,   591.167,   469.884,   
458.127,   720.667,   222.134,   
458.877,   718.417,   347.134,   
459.627,   716.167,   472.134,   
225.62,   446.178,   449.065,   
223.87,   446.803,   574.065,   
222.12,   447.428,   699.065,   
225.745,   571.178,   448.44,   
223.995,   571.803,   573.44,   
222.245,   572.428,   698.44,   
225.87,   696.178,   447.815,   
224.12,   696.803,   572.815,   
222.37,   697.428,   697.815,   
350.62,   446.053,   450.815,   
348.87,   446.678,   575.815,   
347.12,   447.303,   700.815,   
350.745,   571.053,   450.19,   
348.995,   571.678,   575.19,   
347.245,   572.303,   700.19,   
350.87,   696.053,   449.565,   
349.12,   696.678,   574.565,   
347.37,   697.303,   699.565,   
475.62,   445.928,   452.565,   
473.87,   446.553,   577.565,   
472.12,   447.178,   702.565,   
475.745,   570.928,   451.94,   
473.995,   571.553,   576.94,   
472.245,   572.178,   701.94,   
475.87,   695.928,   451.315,   
474.12,   696.553,   576.315,   
472.37,   697.178,   701.315,   
414.184,   235.142,   203.396,   
417.059,   233.767,   328.396,   
419.934,   232.392,   453.396,   
410.809,   360.142,   204.896,   
413.684,   358.767,   329.896,   
416.559,   357.392,   454.896,   
407.434,   485.142,   206.396,   
410.309,   483.767,   331.396,   
413.184,   482.392,   456.396,   
539.059,   238.517,   200.521,   
541.934,   237.142,   325.521,   
544.809,   235.767,   450.521,   
535.684,   363.517,   202.021,   
538.559,   362.142,   327.021,   
541.434,   360.767,   452.021,   
532.309,   488.517,   203.521,   
535.184,   487.142,   328.521,   
538.059,   485.767,   453.521,   
663.934,   241.892,   197.646,   
666.809,   240.517,   322.646,   
669.684,   239.142,   447.646,   
660.559,   366.892,   199.146,   
663.434,   365.517,   324.146,   
666.309,   364.142,   449.146,   
657.184,   491.892,   200.646,   
660.059,   490.517,   325.646,   
662.934,   489.142,   450.646,   
433.591,   237.463,   449.344,   
435.091,   235.338,   574.344,   
436.591,   233.213,   699.344,   
430.716,   362.463,   451.469,   
432.216,   360.338,   576.469,   
433.716,   358.213,   701.469,   
427.841,   487.463,   453.594,   
429.341,   485.338,   578.594,   
430.841,   483.213,   703.594,   
558.591,   240.338,   447.844,   
560.091,   238.213,   572.844,   
561.591,   236.088,   697.844,   
555.716,   365.338,   449.969,   
557.216,   363.213,   574.969,   
558.716,   361.088,   699.969,   
552.841,   490.338,   452.094,   
554.341,   488.213,   577.094,   
555.841,   486.088,   702.094,   
683.591,   243.213,   446.344,   
685.091,   241.088,   571.344,   
686.591,   238.963,   696.344,   
680.716,   368.213,   448.469,   
682.216,   366.088,   573.469,   
683.716,   363.963,   698.469,   
677.841,   493.213,   450.594,   
679.341,   491.088,   575.594,   
680.841,   488.963,   700.594,   
471.281,   422.256,   210.23,   
470.031,   424.006,   335.23,   
468.781,   425.756,   460.23,   
473.656,   547.256,   208.48,   
472.406,   549.006,   333.48,   
471.156,   550.756,   458.48,   
476.031,   672.256,   206.73,   
474.781,   674.006,   331.73,   
473.531,   675.756,   456.73,   
596.281,   419.881,   211.48,   
595.031,   421.631,   336.48,   
593.781,   423.381,   461.48,   
598.656,   544.881,   209.73,   
597.406,   546.631,   334.73,   
596.156,   548.381,   459.73,   
601.031,   669.881,   207.98,   
599.781,   671.631,   332.98,   
598.531,   673.381,   457.98,   
721.281,   417.506,   212.73,   
720.031,   419.256,   337.73,   
718.781,   421.006,   462.73,   
723.656,   542.506,   210.98,   
722.406,   544.256,   335.98,   
721.156,   546.006,   460.98,   
726.031,   667.506,   209.23,   
724.781,   669.256,   334.23,   
723.531,   671.006,   459.23,   
462.92,   481.208,   469.051,   
460.17,   478.333,   593.926,   
457.42,   475.458,   718.801,   
460.545,   606.208,   471.801,   
457.795,   603.333,   596.676,   
455.045,   600.458,   721.551,   
458.17,   731.208,   474.551,   
455.42,   728.333,   599.426,   
452.67,   725.458,   724.301,   
587.92,   483.583,   471.926,   
585.17,   480.708,   596.801,   
582.42,   477.833,   721.676,   
585.545,   608.583,   474.676,   
582.795,   605.708,   599.551,   
580.045,   602.833,   724.426,   
583.17,   733.583,   477.426,   
580.42,   730.708,   602.301,   
577.67,   727.833,   727.176,   
712.92,   485.958,   474.801,   
710.17,   483.083,   599.676,   
707.42,   480.208,   724.551,   
710.545,   610.958,   477.551,   
707.795,   608.083,   602.426,   
705.045,   605.208,   727.301,   
708.17,   735.958,   480.301,   
705.42,   733.083,   605.176,   
702.67,   730.208,   730.051,   
