EM pivot post est position: 201.905060094,	187.854186826,	197.049491227
Optical pivot post est position: 398.649017627,	412.292654007,	197.833143248
180.018919,   197.920048,   203.431007,   
182.892294,   199.194798,   328.349757,   
185.765669,   200.469548,   453.268507,   
181.275794,   322.928298,   202.078007,   
184.149169,   324.203048,   326.996757,   
187.022544,   325.477798,   451.915507,   
182.532669,   447.936548,   200.725007,   
185.406044,   449.211298,   325.643757,   
188.279419,   450.486048,   450.562507,   
304.952669,   196.643798,   200.566632,   
307.826044,   197.918548,   325.485382,   
310.699419,   199.193298,   450.404132,   
306.209544,   321.652048,   199.213632,   
309.082919,   322.926798,   324.132382,   
311.956294,   324.201548,   449.051132,   
307.466419,   446.660298,   197.860632,   
310.339794,   447.935048,   322.779382,   
313.213169,   449.209798,   447.698132,   
429.886419,   195.367548,   197.702257,   
432.759794,   196.642298,   322.621007,   
435.633169,   197.917048,   447.539757,   
431.143294,   320.375798,   196.349257,   
434.016669,   321.650548,   321.268007,   
436.890044,   322.925298,   446.186757,   
432.400169,   445.384048,   194.996257,   
435.273544,   446.658798,   319.915007,   
438.146919,   447.933548,   444.833757,   
170.098417,   176.205457,   442.254036,   
173.607292,   179.697207,   567.150536,   
177.116167,   183.188957,   692.047036,   
169.426292,   301.135832,   438.863536,   
172.935167,   304.627582,   563.760036,   
176.444042,   308.119332,   688.656536,   
168.754167,   426.066207,   435.473036,   
172.263042,   429.557957,   560.369536,   
175.771917,   433.049707,   685.266036,   
295.062042,   176.641207,   438.759536,   
298.570917,   180.132957,   563.656036,   
302.079792,   183.624707,   688.552536,   
294.389917,   301.571582,   435.369036,   
297.898792,   305.063332,   560.265536,   
301.407667,   308.555082,   685.162036,   
293.717792,   426.501957,   431.978536,   
297.226667,   429.993707,   556.875036,   
300.735542,   433.485457,   681.771536,   
420.025667,   177.076957,   435.265036,   
423.534542,   180.568707,   560.161536,   
427.043417,   184.060457,   685.058036,   
419.353542,   302.007332,   431.874536,   
422.862417,   305.499082,   556.771036,   
426.371292,   308.990832,   681.667536,   
418.681417,   426.937707,   428.484036,   
422.190292,   430.429457,   553.380536,   
425.699167,   433.921207,   678.277036,   
191.926094,   456.916388,   198.779936,   
193.306719,   456.539138,   323.824936,   
194.687344,   456.161888,   448.869936,   
190.338594,   581.936388,   199.179936,   
191.719219,   581.559138,   324.224936,   
193.099844,   581.181888,   449.269936,   
188.751094,   706.956388,   199.579936,   
190.131719,   706.579138,   324.624936,   
191.512344,   706.201888,   449.669936,   
316.944844,   458.429888,   197.389936,   
318.325469,   458.052638,   322.434936,   
319.706094,   457.675388,   447.479936,   
315.357344,   583.449888,   197.789936,   
316.737969,   583.072638,   322.834936,   
318.118594,   582.695388,   447.879936,   
313.769844,   708.469888,   198.189936,   
315.150469,   708.092638,   323.234936,   
316.531094,   707.715388,   448.279936,   
441.963594,   459.943388,   195.999936,   
443.344219,   459.566138,   321.044936,   
444.724844,   459.188888,   446.089936,   
440.376094,   584.963388,   196.399936,   
441.756719,   584.586138,   321.444936,   
443.137344,   584.208888,   446.489936,   
438.788594,   709.983388,   196.799936,   
440.169219,   709.606138,   321.844936,   
441.549844,   709.228888,   446.889936,   
229.386531,   449.883855,   453.090606,   
228.133156,   449.65298,   578.105856,   
226.879781,   449.422105,   703.121106,   
229.389156,   574.894355,   453.348481,   
228.135781,   574.66348,   578.363731,   
226.882406,   574.432605,   703.378981,   
229.391781,   699.904855,   453.606356,   
228.138406,   699.67398,   578.621606,   
226.885031,   699.443105,   703.636856,   
354.411531,   449.88598,   454.339481,   
353.158156,   449.655105,   579.354731,   
351.904781,   449.42423,   704.369981,   
354.414156,   574.89648,   454.597356,   
353.160781,   574.665605,   579.612606,   
351.907406,   574.43473,   704.627856,   
354.416781,   699.90698,   454.855231,   
353.163406,   699.676105,   579.870481,   
351.910031,   699.44523,   704.885731,   
479.436531,   449.888105,   455.588356,   
478.183156,   449.65723,   580.603606,   
476.929781,   449.426355,   705.618856,   
479.439156,   574.898605,   455.846231,   
478.185781,   574.66773,   580.861481,   
476.932406,   574.436855,   705.876731,   
479.441781,   699.909105,   456.104106,   
478.188406,   699.67823,   581.119356,   
476.935031,   699.447355,   706.134606,   
450.372504,   238.75482,   210.290853,   
450.737879,   235.39982,   335.312228,   
451.103254,   232.04482,   460.333603,   
449.386754,   363.76357,   213.460978,   
449.752129,   360.40857,   338.482353,   
450.117504,   357.05357,   463.503728,   
448.401004,   488.77232,   216.631103,   
448.766379,   485.41732,   341.652478,   
449.131754,   482.06232,   466.673853,   
575.436629,   239.83982,   209.960978,   
575.802004,   236.48482,   334.982353,   
576.167379,   233.12982,   460.003728,   
574.450879,   364.84857,   213.131103,   
574.816254,   361.49357,   338.152478,   
575.181629,   358.13857,   463.173853,   
573.465129,   489.85732,   216.301228,   
573.830504,   486.50232,   341.322603,   
574.195879,   483.14732,   466.343978,   
700.500754,   240.92482,   209.631103,   
700.866129,   237.56982,   334.652478,   
701.231504,   234.21482,   459.673853,   
699.515004,   365.93357,   212.801228,   
699.880379,   362.57857,   337.822603,   
700.245754,   359.22357,   462.843978,   
698.529254,   490.94232,   215.971353,   
698.894629,   487.58732,   340.992728,   
699.260004,   484.23232,   466.014103,   
487.076884,   232.076965,   454.158685,   
483.771509,   230.397465,   579.08381,   
480.466134,   228.717965,   704.008935,   
485.150259,   357.06284,   455.854685,   
481.844884,   355.38334,   580.77981,   
478.539509,   353.70384,   705.704935,   
483.223634,   482.048715,   457.550685,   
479.918259,   480.369215,   582.47581,   
476.612884,   478.689715,   707.400935,   
612.114884,   234.053465,   457.60156,   
608.809509,   232.373965,   582.526685,   
605.504134,   230.694465,   707.45181,   
610.188259,   359.03934,   459.29756,   
606.882884,   357.35984,   584.222685,   
603.577509,   355.68034,   709.14781,   
608.261634,   484.025215,   460.99356,   
604.956259,   482.345715,   585.918685,   
601.650884,   480.666215,   710.84381,   
737.152884,   236.029965,   461.044435,   
733.847509,   234.350465,   585.96956,   
730.542134,   232.670965,   710.894685,   
735.226259,   361.01584,   462.740435,   
731.920884,   359.33634,   587.66556,   
728.615509,   357.65684,   712.590685,   
733.299634,   486.001715,   464.436435,   
729.994259,   484.322215,   589.36156,   
726.688884,   482.642715,   714.286685,   
432.348375,   410.31101,   177.742667,   
434.619625,   413.93476,   302.715042,   
436.890875,   417.55851,   427.687417,   
431.68725,   535.30426,   174.149542,   
433.9585,   538.92801,   299.121917,   
436.22975,   542.55176,   424.094292,   
431.026125,   660.29751,   170.556417,   
433.297375,   663.92126,   295.528792,   
435.568625,   667.54501,   420.501167,   
557.365,   410.93451,   175.470167,   
559.63625,   414.55826,   300.442542,   
561.9075,   418.18201,   425.414917,   
556.703875,   535.92776,   171.877042,   
558.975125,   539.55151,   296.849417,   
561.246375,   543.17526,   421.821792,   
556.04275,   660.92101,   168.283917,   
558.314,   664.54476,   293.256292,   
560.58525,   668.16851,   418.228667,   
682.381625,   411.55801,   173.197667,   
684.652875,   415.18176,   298.170042,   
686.924125,   418.80551,   423.142417,   
681.7205,   536.55126,   169.604542,   
683.99175,   540.17501,   294.576917,   
686.263,   543.79876,   419.549292,   
681.059375,   661.54451,   166.011417,   
683.330625,   665.16826,   290.983792,   
685.601875,   668.79201,   415.956167,   
424.645032,   445.648051,   456.782871,   
427.517157,   444.675051,   581.758871,   
430.389282,   443.702051,   706.734871,   
426.664157,   570.679176,   457.702496,   
429.536282,   569.706176,   582.678496,   
432.408407,   568.733176,   707.654496,   
428.683282,   695.710301,   458.622121,   
431.555407,   694.737301,   583.598121,   
434.427532,   693.764301,   708.574121,   
549.616032,   443.725426,   453.988746,   
552.488157,   442.752426,   578.964746,   
555.360282,   441.779426,   703.940746,   
551.635157,   568.756551,   454.908371,   
554.507282,   567.783551,   579.884371,   
557.379407,   566.810551,   704.860371,   
553.654282,   693.787676,   455.827996,   
556.526407,   692.814676,   580.803996,   
559.398532,   691.841676,   705.779996,   
674.587032,   441.802801,   451.194621,   
677.459157,   440.829801,   576.170621,   
680.331282,   439.856801,   701.146621,   
676.606157,   566.833926,   452.114246,   
679.478282,   565.860926,   577.090246,   
682.350407,   564.887926,   702.066246,   
678.625282,   691.865051,   453.033871,   
681.497407,   690.892051,   578.009871,   
684.369532,   689.919051,   702.985871,   
