2.124,   -1.808,   5.509,   
1.604,   -0.798,   2.699,   
3.254,   -2.728,   0.309,   
9.449,   -2.148,   5.269,   
9.859,   -1.348,   0.859,   
10.189,   -1.228,   -2.951,   
14.564,   -3.018,   3.369,   
15.354,   -3.338,   -0.891,   
14.804,   -2.208,   -4.521,   
0.754,   -5.813,   1.399,   
2.324,   -4.923,   3.559,   
5.874,   -6.043,   4.169,   
6.699,   -2.353,   -0.311,   
9.419,   -4.453,   0.799,   
12.169,   -7.303,   2.089,   
11.654,   -1.953,   -0.641,   
15.064,   -6.103,   -1.171,   
16.914,   -9.143,   0.139,   
1.284,   -10.198,   -1.241,   
3.594,   -11.008,   3.889,   
6.724,   -12.208,   6.589,   
5.309,   -4.698,   -4.301,   
8.329,   -9.678,   1.339,   
11.659,   -13.908,   6.369,   
10.144,   -5.108,   -4.401,   
13.554,   -10.478,   -0.771,   
16.304,   -14.938,   4.529,   
15.25,   -34.052,   -2.892,   
14.4,   -30.557,   -2.432,   
13.62,   -27.772,   -0.512,   
24.095,   -32.897,   -12.932,   
21.945,   -27.442,   -13.472,   
19.375,   -23.487,   -10.942,   
30.7,   -33.972,   -21.992,   
27.74,   -26.177,   -23.162,   
24.79,   -19.562,   -21.252,   
17.51,   -39.387,   3.563,   
17.37,   -34.902,   1.903,   
15.24,   -30.987,   -2.927,   
26.095,   -40.742,   -5.557,   
24.705,   -34.767,   -5.707,   
20.315,   -27.662,   -7.847,   
32.89,   -42.337,   -14.607,   
29.69,   -35.132,   -13.027,   
24.22,   -25.387,   -12.277,   
18.66,   -47.562,   8.628,   
17.59,   -40.907,   6.168,   
14.19,   -33.442,   -1.342,   
25.385,   -49.567,   1.148,   
24.005,   -42.322,   1.628,   
19.655,   -30.897,   -4.102,   
32.18,   -50.272,   -7.832,   
29.23,   -42.667,   -4.772,   
24.02,   -30.852,   -5.492,   
-3.153,   23.527,   10.564,   
-0.863,   18.467,   6.244,   
0.387,   14.697,   2.674,   
-4.523,   22.867,   13.584,   
-2.043,   17.257,   11.714,   
-0.403,   13.067,   9.784,   
-7.173,   21.767,   18.734,   
-6.083,   17.707,   20.554,   
-3.323,   12.687,   20.424,   
-6.023,   27.347,   4.544,   
-0.873,   18.367,   4.604,   
2.537,   10.747,   5.984,   
-5.183,   23.807,   10.344,   
-0.243,   16.437,   10.284,   
2.027,   10.087,   11.184,   
-5.593,   17.937,   17.904,   
-1.953,   15.037,   18.584,   
0.467,   11.077,   19.154,   
-7.613,   26.827,   -0.636,   
-2.613,   16.347,   3.804,   
1.667,   7.477,   8.804,   
-5.143,   20.977,   6.844,   
-0.163,   14.037,   8.124,   
2.857,   7.727,   11.624,   
-3.433,   12.437,   15.634,   
1.957,   11.317,   14.524,   
4.097,   9.617,   15.504,   
18.11,   -3.982,   -3.525,   
13.84,   -2.197,   -5.055,   
10.15,   -1.592,   -3.065,   
15.765,   -5.982,   -2.5,   
13.015,   -3.637,   -3.93,   
10.815,   -1.962,   -4.0,   
11.63,   -5.922,   2.115,   
11.66,   -5.677,   1.095,   
12.92,   -5.682,   -1.365,   
19.88,   -6.607,   4.405,   
15.85,   -5.562,   5.885,   
9.73,   -1.627,   6.915,   
18.465,   -7.507,   3.99,   
14.305,   -6.572,   5.68,   
8.285,   -3.517,   8.15,   
15.47,   -6.587,   5.745,   
11.86,   -6.482,   6.945,   
7.46,   -8.257,   7.925,   
18.92,   -8.562,   11.845,   
15.6,   -7.297,   14.985,   
9.74,   -1.112,   14.245,   
19.135,   -8.382,   9.01,   
14.165,   -7.347,   13.24,   
6.895,   -4.052,   16.12,   
19.14,   -7.282,   7.175,   
12.88,   -6.687,   10.245,   
4.51,   -8.162,   14.255,   
-38.456,   28.282,   -8.654,   
-30.421,   24.917,   -3.704,   
-21.626,   21.002,   -1.154,   
-45.741,   33.782,   -8.974,   
-36.906,   26.097,   -3.304,   
-27.561,   19.062,   1.716,   
-51.976,   33.522,   -6.514,   
-42.811,   25.417,   -2.684,   
-34.106,   18.162,   2.616,   
-37.331,   33.927,   -12.269,   
-29.776,   28.992,   -8.359,   
-22.531,   24.947,   -6.129,   
-44.556,   37.047,   -13.469,   
-37.301,   29.262,   -8.199,   
-29.556,   23.227,   -4.129,   
-50.101,   34.267,   -11.959,   
-43.506,   28.462,   -8.099,   
-36.561,   24.077,   -3.689,   
-36.946,   40.042,   -13.364,   
-30.351,   33.687,   -12.964,   
-25.526,   29.342,   -13.494,   
-42.211,   37.322,   -13.024,   
-36.526,   32.037,   -13.384,   
-31.551,   29.072,   -13.754,   
-45.816,   32.262,   -13.384,   
-42.881,   30.867,   -14.254,   
-38.676,   31.052,   -14.864,   
-15.349,   28.153,   4.884,   
-10.249,   23.488,   2.364,   
-8.379,   18.913,   -5.446,   
-20.114,   26.403,   8.629,   
-16.044,   22.168,   8.869,   
-14.544,   21.703,   3.899,   
-25.779,   25.463,   10.994,   
-22.769,   21.298,   13.954,   
-22.189,   21.973,   13.444,   
-16.109,   30.968,   2.464,   
-13.369,   27.923,   0.284,   
-11.799,   26.798,   -5.456,   
-22.234,   29.968,   5.649,   
-18.714,   27.103,   5.619,   
-16.714,   28.448,   1.329,   
-28.119,   30.358,   7.144,   
-24.589,   27.493,   9.394,   
-22.289,   27.928,   9.304,   
-18.599,   34.753,   -2.126,   
-17.549,   31.828,   -2.386,   
-16.569,   32.603,   -2.726,   
-23.884,   34.403,   -1.251,   
-21.664,   32.898,   -1.971,   
-19.254,   33.123,   -1.741,   
-30.089,   36.243,   -1.096,   
-26.739,   34.968,   -0.976,   
-22.269,   32.623,   0.524,   
19.411,   -18.864,   -5.79,   
20.451,   -20.994,   -1.62,   
20.401,   -22.214,   3.7,   
24.866,   -24.474,   -6.49,   
26.236,   -23.584,   -4.99,   
25.336,   -21.934,   -1.54,   
30.331,   -32.784,   -5.47,   
31.371,   -26.044,   -6.45,   
29.321,   -20.484,   -5.57,   
20.971,   -29.149,   -3.04,   
19.231,   -28.899,   0.64,   
17.861,   -27.829,   5.14,   
27.476,   -35.039,   -4.63,   
25.366,   -30.939,   -3.56,   
23.166,   -26.389,   -0.33,   
32.101,   -41.829,   -4.3,   
31.161,   -33.389,   -5.96,   
28.441,   -25.139,   -5.38,   
25.591,   -43.164,   3.51,   
20.091,   -38.214,   3.15,   
15.711,   -31.924,   2.55,   
31.316,   -46.784,   -1.3,   
24.086,   -38.954,   -2.29,   
19.136,   -29.994,   -2.28,   
33.561,   -47.734,   -3.64,   
26.891,   -38.644,   -5.0,   
22.981,   -28.884,   -4.16,   
18.54,   30.028,   24.881,   
13.1,   24.483,   27.726,   
4.5,   23.518,   27.081,   
13.645,   29.798,   28.701,   
6.845,   24.373,   33.036,   
-2.805,   20.468,   35.881,   
8.55,   31.028,   34.011,   
0.43,   25.253,   37.216,   
-10.09,   16.168,   40.751,   
15.96,   33.873,   30.216,   
10.98,   29.238,   32.201,   
4.42,   28.343,   31.606,   
11.525,   34.903,   33.186,   
5.485,   30.658,   36.501,   
-1.615,   26.273,   39.366,   
7.91,   35.773,   37.676,   
0.28,   31.488,   40.751,   
-8.52,   23.083,   44.486,   
14.31,   38.248,   31.011,   
8.46,   35.553,   30.796,   
4.38,   32.298,   31.481,   
7.865,   40.098,   34.641,   
2.935,   37.733,   35.676,   
1.215,   31.958,   37.491,   
1.72,   41.028,   42.011,   
-2.36,   38.393,   43.876,   
-3.64,   30.348,   45.201,   
Average difference: 16.6356635802