EM pivot post est position: 202.256751171,	200.611105439,	208.074563464
Optical pivot post est position: 400.703975846,	400.345851647,	193.504260588
230.26898,   175.36862,   210.16328,   
228.12448,   178.86037,   335.14853,   
225.97998,   182.35212,   460.13378,   
229.66348,   300.36287,   206.66403,   
227.51898,   303.85462,   331.64928,   
225.37448,   307.34637,   456.63453,   
229.05798,   425.35712,   203.16478,   
226.91348,   428.84887,   328.15003,   
224.76898,   432.34062,   453.13528,   
355.26073,   176.12137,   212.28828,   
353.11623,   179.61312,   337.27353,   
350.97173,   183.10487,   462.25878,   
354.65523,   301.11562,   208.78903,   
352.51073,   304.60737,   333.77428,   
350.36623,   308.09912,   458.75953,   
354.04973,   426.10987,   205.28978,   
351.90523,   429.60162,   330.27503,   
349.76073,   433.09337,   455.26028,   
480.25248,   176.87412,   214.41328,   
478.10798,   180.36587,   339.39853,   
475.96348,   183.85762,   464.38378,   
479.64698,   301.86837,   210.91403,   
477.50248,   305.36012,   335.89928,   
475.35798,   308.85187,   460.88453,   
479.04148,   426.86262,   207.41478,   
476.89698,   430.35437,   332.40003,   
474.75248,   433.84612,   457.38528,   
183.430734,   203.006976,   445.340142,   
186.296984,   204.163226,   570.344642,   
189.163234,   205.319476,   695.349142,   
184.057484,   328.023976,   444.218892,   
186.923734,   329.180226,   569.223392,   
189.789984,   330.336476,   694.227892,   
184.684234,   453.040976,   443.097642,   
187.550484,   454.197226,   568.102142,   
190.416734,   455.353476,   693.106642,   
308.456984,   202.250726,   442.469142,   
311.323234,   203.406976,   567.473642,   
314.189484,   204.563226,   692.478142,   
309.083734,   327.267726,   441.347892,   
311.949984,   328.423976,   566.352392,   
314.816234,   329.580226,   691.356892,   
309.710484,   452.284726,   440.226642,   
312.576734,   453.440976,   565.231142,   
315.442984,   454.597226,   690.235642,   
433.483234,   201.494476,   439.598142,   
436.349484,   202.650726,   564.602642,   
439.215734,   203.806976,   689.607142,   
434.109984,   326.511476,   438.476892,   
436.976234,   327.667726,   563.481392,   
439.842484,   328.823976,   688.485892,   
434.736734,   451.528476,   437.355642,   
437.602984,   452.684726,   562.360142,   
440.469234,   453.840976,   687.364642,   
238.663379,   412.699518,   208.759413,   
235.565754,   416.217018,   333.662163,   
232.468129,   419.734518,   458.564913,   
237.301129,   537.623268,   205.252038,   
234.203504,   541.140768,   330.154788,   
231.105879,   544.658268,   455.057538,   
235.938879,   662.547018,   201.744663,   
232.841254,   666.064518,   326.647413,   
229.743629,   669.582018,   451.550163,   
363.669004,   414.178518,   211.777413,   
360.571379,   417.696018,   336.680163,   
357.473754,   421.213518,   461.582913,   
362.306754,   539.102268,   208.270038,   
359.209129,   542.619768,   333.172788,   
356.111504,   546.137268,   458.075538,   
360.944504,   664.026018,   204.762663,   
357.846879,   667.543518,   329.665413,   
354.749254,   671.061018,   454.568163,   
488.674629,   415.657518,   214.795413,   
485.577004,   419.175018,   339.698163,   
482.479379,   422.692518,   464.600913,   
487.312379,   540.581268,   211.288038,   
484.214754,   544.098768,   336.190788,   
481.117129,   547.616268,   461.093538,   
485.950129,   665.505018,   207.780663,   
482.852504,   669.022518,   332.683413,   
479.754879,   672.540018,   457.586163,   
224.364785,   451.040231,   453.517933,   
222.241035,   450.932106,   578.552433,   
220.117285,   450.823981,   703.586933,   
221.361035,   576.059481,   453.554183,   
219.237285,   575.951356,   578.588683,   
217.113535,   575.843231,   703.623183,   
218.357285,   701.078731,   453.590433,   
216.233535,   700.970606,   578.624933,   
214.109785,   700.862481,   703.659433,   
349.29166,   454.030731,   455.655058,   
347.16791,   453.922606,   580.689558,   
345.04416,   453.814481,   705.724058,   
346.28791,   579.049981,   455.691308,   
344.16416,   578.941856,   580.725808,   
342.04041,   578.833731,   705.760308,   
343.28416,   704.069231,   455.727558,   
341.16041,   703.961106,   580.762058,   
339.03666,   703.852981,   705.796558,   
474.218535,   457.021231,   457.792183,   
472.094785,   456.913106,   582.826683,   
469.971035,   456.804981,   707.861183,   
471.214785,   582.040481,   457.828433,   
469.091035,   581.932356,   582.862933,   
466.967285,   581.824231,   707.897433,   
468.211035,   707.059731,   457.864683,   
466.087285,   706.951606,   582.899183,   
463.963535,   706.843481,   707.933683,   
418.602304,   227.188112,   201.343404,   
421.831304,   225.041112,   326.342904,   
425.060304,   222.894112,   451.342404,   
418.987804,   352.203612,   203.470904,   
422.216804,   350.056612,   328.470404,   
425.445804,   347.909612,   453.469904,   
419.373304,   477.219112,   205.598404,   
422.602304,   475.072112,   330.597904,   
425.831304,   472.925112,   455.597404,   
543.596304,   226.802112,   198.090904,   
546.825304,   224.655112,   323.090404,   
550.054304,   222.508112,   448.089904,   
543.981804,   351.817612,   200.218404,   
547.210804,   349.670612,   325.217904,   
550.439804,   347.523612,   450.217404,   
544.367304,   476.833112,   202.345904,   
547.596304,   474.686112,   327.345404,   
550.825304,   472.539112,   452.344904,   
668.590304,   226.416112,   194.838404,   
671.819304,   224.269112,   319.837904,   
675.048304,   222.122112,   444.837404,   
668.975804,   351.431612,   196.965904,   
672.204804,   349.284612,   321.965404,   
675.433804,   347.137612,   446.964904,   
669.361304,   476.447112,   199.093404,   
672.590304,   474.300112,   324.092904,   
675.819304,   472.153112,   449.092404,   
468.516174,   215.361468,   462.940175,   
466.526174,   213.597468,   587.929925,   
464.536174,   211.833468,   712.919675,   
471.013674,   340.384468,   464.700675,   
469.023674,   338.620468,   589.690425,   
467.033674,   336.856468,   714.680175,   
473.511174,   465.407468,   466.461175,   
471.521174,   463.643468,   591.450925,   
469.531174,   461.879468,   716.440675,   
593.415674,   212.853468,   465.0508,   
591.425674,   211.089468,   590.04055,   
589.435674,   209.325468,   715.0303,   
595.913174,   337.876468,   466.8113,   
593.923174,   336.112468,   591.80105,   
591.933174,   334.348468,   716.7908,   
598.410674,   462.899468,   468.5718,   
596.420674,   461.135468,   593.56155,   
594.430674,   459.371468,   718.5513,   
718.315174,   210.345468,   467.161425,   
716.325174,   208.581468,   592.151175,   
714.335174,   206.817468,   717.140925,   
720.812674,   335.368468,   468.921925,   
718.822674,   333.604468,   593.911675,   
716.832674,   331.840468,   718.901425,   
723.310174,   460.391468,   470.682425,   
721.320174,   458.627468,   595.672175,   
719.330174,   456.863468,   720.661925,   
455.705983,   479.636889,   219.516421,   
455.940983,   476.012389,   344.520546,   
456.175983,   472.387889,   469.524671,   
457.467233,   604.635639,   223.137671,   
457.702233,   601.011139,   348.141796,   
457.937233,   597.386639,   473.145921,   
459.228483,   729.634389,   226.758921,   
459.463483,   726.009889,   351.763046,   
459.698483,   722.385389,   476.767171,   
580.701358,   477.887014,   219.267671,   
580.936358,   474.262514,   344.271796,   
581.171358,   470.638014,   469.275921,   
582.462608,   602.885764,   222.888921,   
582.697608,   599.261264,   347.893046,   
582.932608,   595.636764,   472.897171,   
584.223858,   727.884514,   226.510171,   
584.458858,   724.260014,   351.514296,   
584.693858,   720.635514,   476.518421,   
705.696733,   476.137139,   219.018921,   
705.931733,   472.512639,   344.023046,   
706.166733,   468.888139,   469.027171,   
707.457983,   601.135889,   222.640171,   
707.692983,   597.511389,   347.644296,   
707.927983,   593.886889,   472.648421,   
709.219233,   726.134639,   226.261421,   
709.454233,   722.510139,   351.265546,   
709.689233,   718.885639,   476.269671,   
444.446728,   420.707612,   428.717826,   
446.081228,   423.829112,   553.698326,   
447.715728,   426.950612,   678.678826,   
444.932478,   545.693362,   425.592826,   
446.566978,   548.814862,   550.573326,   
448.201478,   551.936362,   675.553826,   
445.418228,   670.679112,   422.467826,   
447.052728,   673.800612,   547.448326,   
448.687228,   676.922112,   672.428826,   
569.441478,   420.202362,   427.092826,   
571.075978,   423.323862,   552.073326,   
572.710478,   426.445362,   677.053826,   
569.927228,   545.188112,   423.967826,   
571.561728,   548.309612,   548.948326,   
573.196228,   551.431112,   673.928826,   
570.412978,   670.173862,   420.842826,   
572.047478,   673.295362,   545.823326,   
573.681978,   676.416862,   670.803826,   
694.436228,   419.697112,   425.467826,   
696.070728,   422.818612,   550.448326,   
697.705228,   425.940112,   675.428826,   
694.921978,   544.682862,   422.342826,   
696.556478,   547.804362,   547.323326,   
698.190978,   550.925862,   672.303826,   
695.407728,   669.668612,   419.217826,   
697.042228,   672.790112,   544.198326,   
698.676728,   675.911612,   669.178826,   
