20 PA3-G-Unknown-Output.txt
  -20.46    -9.23    -9.22       -23.40    -8.41    -5.27     4.986
   -3.29    -7.97    37.59        -2.68    -5.80    37.04     2.316
   23.58   -10.49   -23.56        23.51   -10.10   -23.15     0.567
   -9.80   -28.18   -42.15       -11.20   -25.60   -40.15     3.554
   -0.76     9.60    57.91        -5.35    11.82    57.60     5.102
   39.74    -1.31   -18.79        36.32    -0.42   -17.47     3.766
    3.74   -18.46   -35.42        -0.34   -17.50   -33.58     4.574
   11.47     0.04    61.13        11.66     0.02    63.12     1.999
  -25.09   -31.32   -32.77       -25.16   -31.70   -32.93     0.422
   18.30    -9.12    42.84        16.42    -5.12    43.12     4.428
   -0.57   -22.68   -40.60        -4.20   -20.12   -38.18     5.061
   24.84    15.80    26.54        24.59    15.66    26.45     0.304
   10.22    -3.83   -25.55        10.17    -4.19   -22.04     3.533
   40.08    -1.06     7.87        38.09    -0.24     7.08     2.293
   16.60    -8.59    55.26        14.65    -5.14    55.03     3.972
  -20.92   -12.80   -52.25       -21.12   -11.99   -49.51     2.864
   -7.80    21.84    22.20        -7.90    24.36    21.61     2.589
  -10.44   -20.30   -48.37       -11.44   -19.95   -45.48     3.083
  -29.23   -27.99   -23.57       -30.45   -30.44   -23.31     2.754
    9.08   -10.19    23.85         8.78    -7.33    23.58     2.893
