15 PA3-E-Debug-Output.txt
   -7.04    -6.40    40.45        -4.13    -4.13    39.57     3.792
   -8.19   -12.68     6.93        -7.00   -10.30     6.17     2.773
   -4.32    -1.50    61.35        -5.18    -2.10    61.32     1.059
  -23.84   -10.24    -5.11       -23.72   -10.23    -5.27     0.198
   26.57     8.74    16.38        30.06    10.02    18.28     4.174
    5.08   -12.04    36.28         4.73    -7.20    35.67     4.893
  -31.66    -7.72   -49.92       -30.54    -8.39   -47.30     2.924
   18.88     4.68    53.74        21.63     4.14    54.12     2.825
  -43.38   -22.42   -32.44       -40.12   -20.65   -31.51     3.826
   24.42    10.26    19.68        28.25    11.36    21.07     4.221
  -41.61     3.30   -28.06       -39.79     2.07   -27.94     2.198
    2.93    -5.18   -25.56         2.80    -5.24   -25.41     0.204
  -38.29   -28.26   -27.86       -36.43   -26.37   -27.54     2.668
    3.66   -10.98    60.75         3.93    -7.41    60.85     3.588
   18.78    -9.88     2.53        19.43   -11.02     3.05     1.418
