15 PA3-D-Debug-Output.txt
  -35.31     3.22   -12.46       -34.53     2.06   -13.33     1.651
  -11.77   -26.62   -17.74       -11.71   -28.16   -16.81     1.795
    9.07   -15.43    -2.10         9.03   -15.55    -2.08     0.124
  -42.79    -6.57   -40.76       -39.78    -7.36   -39.02     3.566
   23.37    23.50    -2.85        23.95    24.95    -2.99     1.572
   31.62    15.40   -16.47        32.85    16.01   -17.00     1.467
  -22.42   -30.61   -15.29       -22.36   -29.97   -15.67     0.744
   10.53    19.57   -32.21        12.98    19.02   -30.38     3.107
  -11.38   -14.46   -44.65       -10.54   -15.07   -46.04     1.735
   24.72     6.14    38.99        24.40     6.12    38.93     0.322
   29.89    10.41    12.76        31.90    11.15    14.15     2.550
   13.48     6.28    61.41        13.37     6.33    62.96     1.553
  -14.53    19.71    23.49       -15.52    19.80    23.18     1.042
   20.24    21.80    12.81        20.93    23.62    13.21     1.994
   14.39    16.27    57.28        15.90    18.35    57.59     2.589
