15 PA3-A-Debug-Output.txt
  -31.35    -6.20    -8.51       -31.35    -6.20    -8.51     0.001
   -6.48    11.34    45.49        -6.49    11.34    45.49     0.006
   13.91     9.46   -15.97        13.91     9.46   -15.97     0.002
  -31.30     4.63   -39.50       -31.30     4.64   -39.50     0.001
   15.72    25.48    11.56        15.72    25.48    11.56     0.001
   20.99    -9.58   -22.47        20.99    -9.59   -22.47     0.001
   -8.17     6.18    31.74        -8.17     6.18    31.74     0.002
   -7.20     0.01   -40.03        -7.20     0.01   -40.03     0.001
  -34.39     2.30   -39.28       -34.40     2.30   -39.28     0.001
  -34.47     7.57   -25.94       -34.46     7.57   -25.94     0.002
   14.55     8.61    63.15        14.55     8.61    63.15     0.000
   28.27    21.48     8.20        28.26    21.48     8.20     0.001
   18.77    17.92    45.29        18.77    17.92    45.29     0.001
   12.38    16.93   -27.80        12.37    16.93   -27.80     0.003
   -3.32    23.11    32.61        -3.32    23.11    32.61     0.002
