20 PA3-H-Unknown-Output.txt
    9.64     0.64    63.63         9.64     0.61    63.24     0.401
   -2.33    17.22    51.73        -1.89    16.71    51.74     0.667
    6.68    -8.92   -22.45         6.96    -9.41   -23.19     0.933
  -19.86    -8.79   -49.10       -19.91    -8.81   -48.93     0.180
   25.58     7.24    28.41        26.72     7.33    28.77     1.204
  -19.95    -8.75    -3.11       -19.91    -8.74    -3.21     0.110
   10.73    21.87    28.26        10.73    22.89    28.46     1.038
   19.18    -1.29    53.03        19.22    -1.33    53.04     0.056
  -24.21     1.20    -7.77       -22.72    -0.27    -9.42     2.670
    8.78    -6.73    28.82         8.80    -6.90    28.83     0.170
  -11.61    16.68    38.95       -10.61    17.05    37.71     1.635
  -43.25   -13.63   -24.81       -43.61   -13.73   -24.77     0.369
   19.63    20.90    24.27        20.04    21.56    24.37     0.784
    8.85    -8.79    48.59         8.81    -6.82    48.73     1.966
   -7.46    -7.87    15.35        -7.18    -7.59    15.25     0.415
   20.32     7.37    52.46        22.22     7.40    52.75     1.926
   37.90    10.68     3.05        38.32    10.95     3.08     0.504
    7.69     7.31    64.10         7.57     7.36    63.06     1.047
   20.77    23.63    15.04        20.66    23.34    14.98     0.323
   28.56    -3.35   -25.06        29.72    -2.47   -26.06     1.776
