15 PA3-F-Debug-Output.txt
   -4.08     8.71     0.19        -5.28    10.47    -0.19     2.156
   -2.93   -14.73   -35.45        -1.21   -14.73   -36.21     1.881
   19.91    17.98    33.16        20.97    18.61    33.50     1.285
   19.99    24.57   -16.05        20.20    25.48   -16.09     0.929
   15.28   -10.14    44.66        13.84    -5.91    44.27     4.481
    4.34    -6.26   -25.17         4.07    -6.34   -24.74     0.518
  -28.89   -15.01    -5.44       -28.83   -14.59    -6.59     1.226
    2.07    14.26    46.17         1.73    19.28    47.20     5.143
  -38.55     3.50   -23.66       -38.62     3.56   -23.65     0.089
   20.48    -0.30   -27.58        21.60     0.43   -26.31     1.844
  -11.74   -23.62   -10.37       -12.17   -23.13   -10.78     0.770
  -14.56   -23.32    -8.37       -14.61   -22.96    -9.41     1.098
  -18.38    -7.64     0.94       -16.90    -7.36    -0.04     1.796
   27.53    -4.83   -27.60        27.21    -4.10   -26.62     1.257
  -32.35    -9.00    -6.33       -31.79    -9.11    -7.00     0.883
