15 PA3-C-Debug-Output.txt
   27.40     5.00    22.84        28.50     4.91    23.19     1.159
   32.08    18.65     1.22        32.20    18.77     1.20     0.167
   20.70     6.72   -32.30        21.95     6.70   -29.63     2.943
   -3.81   -23.36   -28.84        -3.11   -24.01   -29.05     0.977
   10.72    27.85    -1.40        11.65    26.48    -0.98     1.702
  -27.12   -29.20   -17.09       -27.47   -29.63   -16.83     0.615
   11.24    22.97   -31.18        12.40    21.66   -28.81     2.945
    5.68    23.19    -5.64         7.62    21.80    -4.85     2.514
   37.30     8.76     4.35        39.05     9.20     4.49     1.811
   -6.61     2.50    37.71        -6.71     2.49    37.72     0.100
  -20.02   -14.28   -50.06       -20.14   -13.94   -48.96     1.155
  -36.32   -12.66   -47.13       -35.26   -12.42   -45.41     2.035
   11.44    16.66   -31.12        13.10    17.14   -29.86     2.139
   37.62     2.96   -10.30        39.08     2.89   -10.74     1.536
  -25.77     3.85   -45.15       -25.42     2.82   -43.81     1.719
