20 PA3-J-Unknown-Output.txt
  -16.59    27.29    28.25       -13.40    23.38    28.08     5.049
   27.10    -0.33    16.10        28.82    -2.61    17.12     3.036
   13.88    21.83   -29.06        13.89    21.78   -29.02     0.061
   -2.40    -3.44   -28.54        -1.73    -3.04   -28.97     0.894
   -9.72   -10.22     0.13       -10.20   -12.03     1.05     2.093
   24.17    24.75     6.37        23.93    24.12     6.21     0.688
   -0.84    20.45     4.15         0.88    19.32     5.61     2.532
   -5.71    -2.05    40.92        -5.54    -1.97    40.90     0.186
  -31.42     9.69   -40.09       -30.02     6.42   -38.20     4.026
  -35.30    -7.77    -8.88       -35.30    -7.78    -8.88     0.005
   11.71    23.93   -27.70        13.23    22.21   -28.24     2.356
  -44.37   -16.43   -27.36       -43.19   -16.06   -27.40     1.242
   10.22     0.11   -20.29        10.17     0.40   -20.78     0.565
   -8.69    11.25   -16.83        -8.58     8.32   -16.99     2.939
   14.72    -0.80    36.42        15.56    -5.54    36.53     4.821
  -12.25     8.95    31.16       -11.26    10.06    30.76     1.543
  -28.08   -14.41    -7.11       -28.11   -14.61    -6.56     0.587
  -21.42    14.99   -23.70       -21.43    11.91   -23.56     3.083
   29.26    20.20   -15.83        29.91    20.81   -15.95     0.889
   17.06     3.38    47.13        21.71     1.32    47.72     5.120
