15 PA3-B-Debug-Output.txt
  -32.32     7.30   -25.56       -32.99     8.46   -25.52     1.342
  -11.17    20.03    15.14       -10.16    19.55    15.90     1.350
   31.76     9.64   -26.23        31.68     9.60   -26.17     0.108
    7.56    18.55    52.87         6.95    20.26    53.05     1.818
    0.54    -4.39   -28.22        -0.03    -4.66   -27.83     0.747
    3.09    17.98    42.69         2.83    20.08    43.00     2.138
   35.99    10.36   -11.06        36.78    10.64   -11.37     0.892
   -6.65     6.56   -15.89        -6.71     8.31   -15.79     1.756
   25.77    -9.03     6.82        25.75    -8.10     6.55     0.969
   10.64    21.34    21.71        10.78    23.86    22.11     2.547
   -5.53    11.13    55.85        -5.56    11.15    55.85     0.028
  -32.99   -29.93   -38.18       -31.55   -27.43   -36.66     3.264
   14.24   -11.74   -23.83        14.05    -9.31   -21.35     3.483
  -26.38   -12.83   -51.62       -25.92   -12.67   -48.35     3.300
  -14.81    10.21    17.04       -12.18    10.74    17.43     2.714
