200 PA4-J-Unknown-Output.txt
   -5.49     5.15    30.78        -8.48     6.63    30.79     0.003
   21.35    23.84   -21.46        18.33    25.43   -21.48     0.095
   11.11    -9.91    18.01         8.14    -8.50    18.02     0.080
   14.48    21.37    28.71        11.48    22.84    28.71     0.006
   -3.07    -0.63    51.79        -6.23     0.77    51.79     0.191
   15.00    23.40    15.11        12.00    24.90    15.12     0.018
  -33.08   -25.63   -16.98       -36.09   -24.15   -16.98     0.006
  -25.77   -21.41    -7.27       -28.76   -19.92    -7.29     0.022
   -4.83   -14.48    -0.07        -7.83   -13.01    -0.06     0.025
  -17.35     7.55   -18.07       -20.35     9.06   -18.04     0.038
   23.24    24.39    -8.41        20.24    25.92    -8.42     0.034
  -18.49     1.79   -43.74       -21.50     3.31   -43.76     0.034
   40.01    -3.75     7.07        36.99    -2.24     7.06     0.024
  -15.65   -21.37   -46.83       -18.64   -19.91   -46.94     0.112
    3.63    17.29    49.20         0.64    18.78    49.21     0.014
  -39.16    -9.59   -31.19       -42.18    -8.10   -31.20     0.019
   23.01     9.76    62.30        20.21    11.29    62.36     0.197
   32.24     4.23    21.15        29.36     5.71    21.19     0.124
    8.74   -18.25   -13.05         5.69   -16.67   -13.06     0.092
   12.02    -7.97    42.16         9.05    -6.60    42.15     0.105
   24.32     3.11   -28.59        21.31     4.61   -28.60     0.003
   15.02    24.75    -3.74        12.03    26.21    -3.72     0.037
  -13.11    14.19    30.26       -16.01    15.67    30.24     0.098
    3.17    18.85     8.31         0.14    20.36     8.30     0.039
    8.94    22.15     3.86         5.90    23.68     3.85     0.062
    9.50    19.02    47.84         6.53    20.39    47.86     0.099
   -2.15     7.15    62.54        -5.11     8.60    62.50     0.045
  -16.14   -13.10    -3.64       -19.13   -11.59    -3.68     0.046
   12.32    19.35    45.72         9.31    20.90    45.73     0.079
   26.42     8.26    44.23        23.34     9.73    44.21     0.092
  -10.77    -4.46   -46.82       -13.78    -2.95   -46.85     0.026
  -36.89   -17.37   -34.43       -39.87   -15.87   -34.42     0.035
   21.81    24.00   -20.02        18.80    25.47   -20.02     0.028
   -5.34     6.62   -23.99        -8.36     8.09   -23.98     0.019
   18.77    21.94   -27.23        15.76    23.40   -27.20     0.044
   35.56    14.44    10.11        32.60    15.95    10.13     0.049
   -1.15    -2.48   -32.09        -4.24    -1.02   -32.09     0.084
   -1.49    12.35    53.53        -4.44    13.79    53.53     0.047
   29.06    -4.05   -27.40        26.06    -2.53   -27.38     0.041
   23.81    19.96    23.09        20.80    21.41    23.08     0.040
   35.60     5.10   -25.35        32.54     6.61   -25.32     0.065
   32.59    11.31    17.55        29.50    12.77    17.49     0.108
   -1.52   -19.96   -39.62        -4.58   -18.44   -39.59     0.061
   20.58    23.28    11.96        17.63    24.92    12.00     0.165
   28.59    15.14    22.33        25.46    16.55    22.29     0.157
   17.60    21.57    25.26        14.61    23.12    25.26     0.073
   -9.66   -30.91   -35.01       -12.63   -29.47   -35.05     0.075
  -37.11   -18.62   -32.61       -40.14   -17.13   -32.62     0.032
   -6.41   -29.61   -34.36        -9.46   -28.05   -34.34     0.079
    7.40    22.78    12.18         4.38    24.33    12.19     0.068
  -18.82    10.64   -25.43       -21.83    12.14   -25.42     0.013
  -13.57   -29.07   -40.18       -16.57   -27.60   -40.20     0.030
  -24.19   -30.12   -14.81       -27.19   -28.64   -14.81     0.011
  -18.89   -23.53   -45.85       -21.91   -22.03   -45.87     0.011
  -17.06     9.73   -20.18       -20.07    11.22   -20.17     0.003
    7.03   -15.87    -2.17         4.03   -14.30    -2.21     0.084
    2.12    -7.65   -29.66        -0.86    -6.15   -29.68     0.030
   26.72    11.98    35.63        23.58    13.38    35.59     0.174
    5.34    17.36     3.32         2.34    18.85     3.32     0.004
   37.99     0.03    11.95        35.10     1.50    12.04     0.147
  -37.41    -0.81   -22.68       -40.45     0.70   -22.66     0.033
   15.57    21.48    28.58        12.57    22.87    28.56     0.089
  -12.14   -32.90   -31.67       -15.17   -31.34   -31.67     0.069
  -32.82    -4.75   -42.40       -35.82    -3.26   -42.37     0.027
   36.56    -6.87    -7.27        33.56    -5.37    -7.29     0.002
   34.00    18.55    -2.50        30.99    20.05    -2.51     0.003
    6.42    20.21     4.51         3.43    21.69     4.52     0.023
  -14.86     8.97   -35.62       -17.86    10.51   -35.63     0.047
   -3.30     1.90   -31.91        -6.41     3.37   -31.91     0.102
  -10.05     9.62    29.42       -13.03    11.12    29.42     0.032
   -6.46   -27.66   -15.68        -9.45   -26.18   -15.68     0.015
   35.79     2.64    14.96        32.83     4.13    14.98     0.049
   10.45    10.42   -10.20         7.46    11.87   -10.17     0.058
   17.81    -9.12    16.90        14.80    -7.50    16.87     0.136
   23.42    -3.07    44.01        20.60    -1.78    44.04     0.249
   20.11    -5.42    52.02        17.04    -3.85    52.00     0.129
   -8.96     9.70    16.08       -11.90    11.16    16.12     0.068
   -4.34     4.75   -27.43        -7.42     6.15   -27.41     0.121
  -37.51    -4.69   -35.03       -40.56    -3.19   -35.04     0.038
    3.08    -7.79    45.70         0.08    -6.36    45.70     0.041
   21.70    21.60   -26.38        18.69    23.11   -26.38     0.008
   23.30   -17.62   -14.87        20.31   -16.14   -14.90     0.030
  -25.17     4.87   -15.13       -28.18     6.33   -15.16     0.047
  -24.26   -33.14   -31.42       -27.22   -31.55   -31.41     0.104
  -36.46   -23.55   -20.04       -39.38   -22.00   -20.05     0.099
  -22.29     9.84   -29.99       -25.28    11.28   -29.97     0.065
    2.46   -16.39   -34.94        -0.48   -14.88   -34.96     0.070
   35.42    12.08   -22.00        32.36    13.55   -21.98     0.069
    5.80    16.80    59.32         2.79    18.36    59.33     0.094
    5.82    22.02    26.14         2.82    23.49    26.15     0.010
   -3.82   -24.28   -13.60        -6.81   -22.80   -13.59     0.022
  -27.01     0.79   -42.14       -30.03     2.30   -42.14     0.013
   -7.83     4.65    21.92       -10.77     6.15    21.90     0.064
  -35.36   -14.01   -41.76       -38.25   -12.52   -41.68     0.144
   -2.70   -26.16   -34.42        -5.67   -24.70   -34.45     0.058
   21.99    11.39    62.45        19.01    12.86    62.45     0.005
    2.44    -9.39    27.87        -0.55    -7.99    27.88     0.081
   -1.71     1.37   -28.02        -4.67     2.91   -28.08     0.089
   29.04    21.95     4.74        26.02    23.40     4.74     0.050
  -25.34    -5.05   -10.01       -28.34    -3.54    -9.96     0.047
   32.93     5.94    19.41        29.97     7.43    19.42     0.049
   16.08     6.23    62.96        13.09     7.70    63.01     0.053
   -3.94     2.17    38.89        -6.84     3.66    38.89     0.085
   29.67    -9.60     7.03        26.66    -7.94     6.96     0.171
   20.96    24.11   -15.35        17.96    25.47   -15.34     0.139
   40.28    -2.97    -3.88        37.26    -1.45    -3.90     0.025
  -19.78   -33.99   -22.74       -22.78   -32.44   -22.76     0.060
    2.39    18.51     9.13        -0.69    20.08     9.08     0.133
    5.38   -19.73   -17.36         2.39   -18.26   -17.37     0.022
   24.92    -6.54    21.73        22.01    -5.22    21.76     0.192
   -1.77    -4.51    44.67        -4.77    -3.04    44.67     0.013
    3.86   -18.37    -7.40         0.85   -16.81    -7.45     0.087
   29.66    21.22   -18.48        26.66    22.75   -18.49     0.028
   10.47   -12.34   -22.45         7.40   -10.80   -22.35     0.129
   18.66    19.22    46.79        15.67    20.70    46.79     0.001
    9.39    -8.49    40.39         6.38    -6.86    40.38     0.162
   -6.56     6.13   -31.45        -9.50     7.69   -31.45     0.099
  -19.59   -12.34   -49.05       -22.61   -10.82   -49.03     0.028
   -5.96   -24.64   -12.15        -8.96   -23.14   -12.16     0.008
   24.90   -11.97     2.09        21.88   -10.42     2.04     0.069
   32.50    -1.30    18.75        29.50     0.19    18.73     0.010
  -36.69    -8.51   -39.13       -39.65    -7.03   -39.09     0.057
  -24.63     9.50   -27.63       -27.66    11.04   -27.62     0.045
  -23.55     1.31   -13.30       -26.55     2.80   -13.30     0.007
  -14.92    -2.49   -47.00       -17.93    -1.02   -46.93     0.071
  -12.81    14.04    20.70       -15.93    15.49    20.62     0.152
  -26.20     3.33   -14.17       -29.20     4.80   -14.18     0.019
    2.87    20.36    35.14        -0.13    21.79    35.13     0.050
  -12.31    19.23    27.04       -15.41    20.78    27.08     0.132
  -15.86    -7.54   -48.41       -18.87    -6.04   -48.41     0.003
    4.72   -19.52   -23.27         1.72   -18.02   -23.28     0.011
    2.30   -22.73   -24.05        -0.65   -21.29   -24.06     0.077
  -32.13   -16.03   -44.63       -35.10   -14.50   -44.58     0.063
    3.91   -18.33    -7.65         0.92   -16.89    -7.63     0.056
    8.41   -12.11    13.08         5.43   -10.67    13.09     0.048
   29.87     9.28    25.65        26.97    10.79    25.67     0.096
  -29.71   -19.25    -8.71       -32.69   -17.75    -8.76     0.050
   26.64   -12.26     0.07        23.63   -10.72     0.04     0.048
    1.61    -8.33    33.29        -1.41    -6.93    33.29     0.083
    2.34   -22.83   -23.15        -0.66   -21.34   -23.16     0.003
    9.40    21.41    27.56         6.41    23.00    27.57     0.110
   10.51     0.13    63.26         7.54     1.60    63.31     0.055
   24.48    23.33   -22.37        21.39    24.66   -22.34     0.198
  -38.91   -19.87   -28.47       -41.97   -18.40   -28.50     0.067
   -3.16    20.69    36.16        -6.16    22.03    36.07     0.171
    0.25    17.44    10.10        -2.75    18.93    10.11     0.004
  -17.34   -28.54   -11.41       -20.34   -27.06   -11.41     0.017
    3.69     5.50    63.46         0.71     6.96    63.44     0.017
  -29.77   -30.73   -28.34       -32.71   -29.14   -28.33     0.120
   -7.62   -28.44   -37.95       -10.66   -26.87   -37.91     0.084
   -4.50     6.89   -14.41        -7.50     8.23   -14.41     0.147
   38.56     8.29   -17.67        35.53     9.79   -17.68     0.025
   -6.11   -11.96     3.81        -9.09   -10.45     3.80     0.027
   28.48    -0.73    29.14        25.44     0.78    29.12     0.061
   -3.82   -28.06   -32.72        -6.82   -26.56   -32.73     0.002
   38.02    13.97   -11.61        34.92    15.41   -11.60     0.112
   -9.58     0.88    10.59       -12.62     2.36    10.60     0.042
   -3.48     7.72    50.92        -6.46     9.18    50.92     0.002
   35.85    -7.65     0.45        32.97    -6.30     0.43     0.179
   19.29    17.72    50.19        16.41    19.31    50.20     0.155
   24.82    12.67    43.15        21.86    14.17    43.16     0.034
  -31.06   -14.22   -46.07       -34.08   -12.72   -46.07     0.003
  -21.94   -33.89   -30.38       -24.93   -32.37   -30.38     0.028
  -19.52    -0.30   -45.56       -22.54     1.18   -45.53     0.031
  -15.52    -4.39   -47.35       -18.54    -2.89   -47.35     0.008
   35.44    -1.00   -24.83        32.46     0.51   -24.87     0.036
   34.43    18.00    -2.76        31.38    19.47    -2.76     0.057
   26.20    11.60    38.86        23.16    13.05    38.85     0.059
   23.53    12.65    51.14        20.65    14.20    51.15     0.137
   28.98     2.56    31.21        25.99     4.04    31.20     0.005
   18.48    -8.31   -22.11        15.46    -6.83   -22.24     0.124
   39.70    -3.99    -7.68        36.69    -2.49    -7.69     0.006
  -16.04     4.74   -14.37       -19.06     6.27   -14.33     0.049
   17.55    20.42    36.10        14.56    21.92    36.11     0.020
   14.69    18.90    59.95        11.70    20.34    59.95     0.025
  -12.19     0.46   -44.43       -15.20     1.95   -44.42     0.008
   26.75   -11.90     0.63        23.75   -10.41     0.62     0.005
  -39.15   -17.09   -29.18       -42.14   -15.61   -29.16     0.019
  -12.15    11.74    29.91       -15.17    13.20    29.93     0.030
  -16.18   -13.23    -3.91       -19.20   -11.80    -3.82     0.104
   -0.44   -10.79    17.94        -3.48    -9.44    17.96     0.143
  -31.62   -19.39   -43.21       -34.64   -17.90   -43.22     0.012
  -10.30   -26.76   -11.56       -13.32   -25.25   -11.61     0.048
   28.64    10.84    28.69        25.65    12.33    28.68     0.004
   15.50   -17.63    -2.39        12.47   -16.25    -2.36     0.121
  -12.70   -28.50   -40.82       -15.72   -26.97   -40.80     0.046
   -6.67    -5.38    15.46        -9.60    -3.87    15.45     0.069
  -35.60   -11.20   -41.41       -38.62    -9.71   -41.40     0.005
  -14.66    10.57   -25.43       -17.67    12.03   -25.43     0.033
   11.90   -17.45   -12.48         8.91   -16.03   -12.49     0.070
   21.25    -6.69    31.76        18.24    -5.15    31.74     0.055
   18.49    20.22    36.80        15.49    21.68    36.80     0.022
   13.62     8.81    63.14        10.64    10.28    63.16     0.028
   21.47    23.97   -14.78        18.45    25.52   -14.78     0.060
   -7.47     9.88    13.91       -10.47    11.36    13.92     0.009
   24.28   -17.17    -5.23        21.16   -15.51    -5.33     0.218
   -0.80    22.91    23.80        -3.78    24.47    23.80     0.081
  -16.36     5.50   -15.25       -19.35     6.96   -15.27     0.041
  -11.41     5.17   -40.05       -14.42     6.67   -40.05     0.001
   21.30    19.44    36.29        18.31    20.93    36.29     0.008
