200 PA4-K-Unknown-Output.txt
   36.91    -1.62     5.47        38.35    -0.57     5.65     0.008
    2.03   -18.30    -7.73         3.35   -16.63    -7.96     0.137
  -20.42     8.40   -35.74       -18.65    10.49   -35.82     0.071
    9.48    22.81    -7.45        11.18    24.33    -7.24     0.103
   30.79    15.19     9.89        32.39    16.27    10.20     0.007
  -21.77   -16.09   -48.71       -20.18   -13.93   -48.97     0.003
   24.04     0.10    31.24        25.15     1.16    31.31     0.235
  -34.37   -29.55   -17.97       -33.13   -27.59   -18.41     0.081
   -0.64     4.97   -19.07         0.95     6.53   -18.93     0.163
   36.22    -0.12     8.68        37.69     0.91     8.89     0.034
   27.66    12.08    17.54        29.22    13.13    17.81     0.041
   28.63    16.26    11.74        30.16    17.29    12.00     0.096
    5.73    19.09    -5.78         7.38    20.62    -5.64     0.111
   21.04     4.16    50.43        22.34     4.97    50.58     0.048
  -34.25     3.23   -37.60       -32.45     5.32   -37.72     0.133
    2.93   -13.98   -23.78         4.40   -12.29   -23.88     0.014
    5.43    -7.95    34.51         6.67    -6.93    34.47     0.107
  -37.53     0.89   -15.30       -35.91     2.90   -15.53     0.048
   32.43    -6.63    -0.03        33.72    -5.37     0.10     0.173
   19.67    16.03    37.02        21.12    16.98    37.26     0.003
   -4.54   -20.91   -37.50        -3.12   -18.98   -37.68     0.086
  -33.75   -17.08   -45.63       -32.16   -14.77   -45.88     0.107
  -39.05   -19.50   -40.28       -37.51   -17.20   -40.65     0.039
   28.33    19.79    -1.67        30.01    20.97    -1.34     0.044
   19.30    20.78   -26.20        21.17    22.32   -25.92     0.020
   11.19   -18.37    -8.77        12.56   -16.84    -8.85     0.083
    4.34   -14.63   -22.04         5.76   -12.95   -22.09     0.074
   -2.76    10.46    -3.53        -1.15    12.05    -3.47     0.034
   -1.30   -14.89   -30.30         0.25   -13.10   -30.45     0.038
   -8.26     3.06    57.15        -6.93     4.15    57.13     0.119
   15.89    -5.75    41.97        17.09    -4.80    41.99     0.001
   30.57    17.10   -12.69        32.35    18.42   -12.38     0.050
   10.38    25.51     4.21        12.08    26.98     4.52     0.134
   27.84    -1.79    18.63        29.16    -0.74    18.73     0.060
    1.77    22.72    20.80         3.39    23.95    21.00     0.051
   -4.75    13.46    60.38        -3.39    14.40    60.46     0.077
    4.78    21.55    29.66         6.33    22.62    29.85     0.105
   24.21    22.79    -1.05        25.91    23.95    -0.72     0.095
   -3.30    -9.67   -32.39        -1.85    -7.87   -32.43     0.142
  -18.17   -30.13   -13.75       -16.92   -28.29   -14.15     0.028
   -8.05    -5.01    28.66        -6.85    -3.73    28.58     0.090
   -6.95   -17.62    -4.21        -5.62   -15.98    -4.43     0.030
   22.36     7.59    42.13        23.74     8.47    42.32     0.039
   -1.06    16.64     4.87         0.59    18.10     5.01     0.003
   20.69     6.55    55.18        21.90     7.33    55.34     0.040
   -8.16     4.69    42.02        -6.98     5.89    42.01     0.128
   17.09    23.93   -20.93        18.95    25.50   -20.62     0.062
  -29.52   -27.42   -10.49       -28.20   -25.46   -10.98     0.104
   17.52    -7.90    16.49        18.86    -6.83    16.53     0.097
   16.53     7.88    63.00        17.75     8.63    63.11     0.043
    8.90     5.73    62.73        10.11     6.56    62.88     0.062
   11.89    24.13    12.67        13.57    25.40    12.96     0.024
   11.31    25.28     7.82        13.03    26.63     8.11     0.044
   18.15    17.93    36.92        19.73    18.97    37.20     0.128
  -36.44   -15.04   -45.21       -34.86   -12.75   -45.57     0.023
    7.65    12.32   -10.00         9.30    13.84    -9.90     0.058
   23.78    20.41    12.91        25.37    21.46    13.19     0.097
  -10.98     7.51     6.61        -9.41     9.04     6.62     0.041
   34.48    -0.75    10.66        35.98     0.27    10.92     0.115
   -8.40     3.54   -27.28        -6.60     5.51   -27.32     0.182
    2.16    -8.25    63.00         3.25    -7.13    62.85     0.233
   20.19    -5.84    24.40        21.50    -4.80    24.46     0.026
  -11.45     4.35   -35.81        -9.73     6.26   -35.82     0.044
   -8.19    12.86    43.11        -6.85    14.06    43.20     0.062
  -45.42   -11.59   -25.94       -44.00    -9.38   -26.32     0.102
   20.73    -2.13    37.35        22.12    -1.31    37.46     0.169
  -20.83    -7.63    -2.42       -19.44    -5.91    -2.54     0.078
  -27.07   -25.90   -43.32       -25.60   -23.71   -43.69     0.020
   -3.96   -13.37     4.94        -2.63   -11.90     4.79     0.026
   -7.90   -18.61    -5.77        -6.58   -17.05    -5.92     0.092
   19.90   -10.60     4.59        21.29    -9.46     4.64     0.118
  -35.52    -3.62   -10.88       -34.01    -1.70   -11.12     0.051
   -7.24    -0.95    53.82        -6.02     0.14    53.76     0.033
   22.13     9.87    42.82        23.33    10.71    43.00     0.170
   -5.51    -5.69   -38.41        -3.91    -3.81   -38.47     0.056
   20.19    -2.84    37.11        21.53    -1.97    37.20     0.111
   15.00    19.73   -29.44        16.87    21.33   -29.20     0.015
   -6.12    23.43    25.20        -4.53    24.68    25.37     0.082
  -20.93   -26.71   -43.64       -19.46   -24.62   -44.03     0.044
   25.88     3.41    26.39        27.34     4.39    26.58     0.082
   26.86    10.18    21.34        28.17    11.14    21.51     0.189
  -39.93   -16.48   -40.43       -38.45   -14.21   -40.85     0.088
  -34.08   -18.12    -7.71       -32.73   -16.18    -8.07     0.008
   24.21    19.05   -23.60        26.02    20.48   -23.28     0.039
   -9.21    -6.03    21.89        -7.83    -4.60    21.76     0.076
   12.73    21.28    33.75        14.26    22.41    34.02     0.079
   13.97    23.07   -18.78        15.83    24.56   -18.50     0.028
  -11.94   -30.76   -20.29       -10.60   -29.06   -20.61     0.122
   31.16    -3.84   -24.23        32.70    -2.45   -24.06     0.055
   28.60     6.77   -28.61        30.33     8.22   -28.41     0.007
  -14.75     9.01   -24.36       -13.01    10.89   -24.37     0.010
   16.60    24.09   -15.65        18.44    25.51   -15.34     0.045
   -1.02   -17.15   -29.20         0.42   -15.38   -29.35     0.031
   25.51     8.85    27.25        26.79     9.78    27.42     0.171
   12.96    11.98   -28.71        14.75    13.61   -28.53     0.014
   16.36    -4.39    49.19        17.57    -3.55    49.23     0.053
  -45.37   -12.42   -23.11       -43.85   -10.23   -23.48     0.030
    0.22   -16.44    -3.42         1.55   -14.81    -3.62     0.116
   22.85     9.00    39.45        24.09     9.85    39.63     0.136
  -10.43     9.76    36.04        -9.14    10.98    36.10     0.124
   23.31    11.43   -29.90        25.09    12.95   -29.68     0.011
   -8.28     4.19    58.73        -7.08     5.24    58.71     0.017
    1.48    22.43    23.77         3.07    23.64    23.97     0.060
   -6.24    -1.06   -30.39        -4.58     0.78   -30.45     0.015
   33.19    15.06     3.20        34.79    16.14     3.51     0.046
    7.65    -8.00   -21.87         9.18    -6.39   -21.91     0.004
  -37.15   -16.84    -9.04       -35.84   -14.87    -9.35     0.082
  -23.58     0.18   -44.35       -21.84     2.36   -44.54     0.073
  -23.30   -11.45    -3.89       -21.93    -9.67    -4.08     0.051
  -39.61   -23.61   -16.46       -38.27   -21.54   -16.90     0.005
   -7.17    -1.80    44.92        -5.79    -0.58    44.86     0.163
   -2.62   -18.20   -35.78        -1.13   -16.34   -35.96     0.012
   -0.16   -10.95   -27.48         1.41    -9.19   -27.61     0.054
   30.92     5.07   -25.39        32.61     6.46   -25.19     0.001
   23.33    -3.52    25.40        24.61    -2.48    25.47     0.041
   -3.18   -23.17   -32.10        -1.72   -21.37   -32.34     0.039
   10.31    -7.36    41.43        11.50    -6.37    41.41     0.017
    1.81    15.72    -1.39         3.53    17.19    -1.21     0.056
   29.58     7.09    16.86        31.16     8.13    17.14     0.122
  -18.48   -17.81   -47.71       -16.91   -15.68   -47.95     0.028
  -40.21   -21.42   -15.38       -38.88   -19.37   -15.79     0.032
   28.99     3.59    18.49        30.46     4.61    18.70     0.046
   28.87    17.31   -18.80        30.77    18.73   -18.54     0.146
   13.70   -11.85     7.61        15.02   -10.51     7.54     0.064
   -3.92   -11.90   -39.06        -2.35   -10.01   -39.18     0.027
   28.72    12.03    15.58        30.27    13.09    15.84     0.017
    2.71     5.99   -16.20         4.33     7.55   -16.08     0.075
  -39.98   -25.82   -30.60       -38.45   -23.53   -31.01     0.169
   25.09    -4.69   -27.20        26.69    -3.21   -27.10     0.017
   11.44    -9.05   -21.67        12.95    -7.50   -21.79     0.093
   34.32    -3.55   -17.48        35.90    -2.27   -17.34     0.029
    5.29    21.80    27.59         6.86    22.98    27.81     0.011
   25.39   -13.82   -10.15        26.75   -12.45   -10.16     0.072
    1.58    -7.91    51.09         2.71    -6.89    51.01     0.003
  -11.79    16.89    37.55       -10.30    18.16    37.60     0.040
   -5.73    22.79    28.97        -4.14    24.18    29.16     0.100
  -33.28   -31.34   -21.61       -32.00   -29.30   -22.08     0.017
   13.09    25.76    -1.91        14.87    27.09    -1.62     0.048
  -20.33   -32.78   -16.51       -19.09   -30.88   -16.95     0.041
  -30.13   -19.22    -7.00       -28.80   -17.34    -7.39     0.039
    5.79    21.51    28.96         7.35    22.75    29.19     0.069
  -14.94   -30.86   -17.00       -13.70   -29.01   -17.39     0.049
    6.22     6.22    63.00         7.43     7.08    63.07     0.008
   -9.13     1.86    30.36        -7.79     3.18    30.32     0.008
    7.03    -8.34    60.17         8.10    -7.30    60.13     0.160
   21.48     2.34    44.82        22.82     3.19    44.97     0.077
   26.52   -13.60   -13.91        27.95   -12.26   -13.90     0.004
  -21.15   -34.81   -28.09       -19.88   -32.73   -28.52     0.104
  -34.40     0.50   -40.06       -32.67     2.71   -40.24     0.010
   22.43   -12.51    -1.05        23.78   -11.20    -1.07     0.056
  -10.21    -8.19   -44.86        -8.51    -6.16   -45.04     0.064
   20.43    17.73    27.70        22.12    18.87    28.00     0.198
   -7.76   -12.75     4.78        -6.43   -11.23     4.63     0.019
    3.20    -9.53    23.09         4.49    -8.40    23.03     0.131
   33.55    -0.15    11.73        35.07     0.87    11.98     0.116
   -5.49    22.67    30.30        -3.94    23.85    30.44     0.101
  -13.17   -25.61   -11.02       -11.92   -23.83   -11.41     0.098
   16.77    25.62    -2.12        18.54    26.94    -1.80     0.014
    5.06   -12.16   -22.82         6.54   -10.50   -22.89     0.025
  -28.90   -28.84   -11.66       -27.65   -26.93   -12.09     0.009
   28.88     6.11   -28.40        30.56     7.56   -28.17     0.032
   25.11    16.14    17.89        26.66    17.20    18.16     0.023
  -41.40   -17.98   -34.72       -39.85   -15.72   -35.11     0.047
  -11.99     8.15    12.38       -10.48     9.66    12.38     0.001
  -41.52   -23.08   -30.36       -40.18   -20.90   -30.82     0.089
  -14.52     8.57   -21.79       -12.83    10.37   -21.80     0.050
   -9.70     7.57    36.05        -8.19     8.87    36.02     0.149
   -1.42    16.12    58.60        -0.09    17.12    58.73     0.020
   33.65    14.65     3.71        35.20    15.68     4.01     0.107
   16.92   -12.61     3.84        18.25   -11.32     3.80     0.012
   -6.62   -24.54   -36.60        -5.20   -22.62   -36.85     0.029
  -16.46   -10.01     1.07       -15.10    -8.37     0.92     0.055
   38.75     1.97    -4.41        40.46     2.99    -4.16     0.206
   -8.98     3.87    32.56        -7.71     5.14    32.56     0.090
  -21.72   -16.95   -48.37       -20.13   -14.80   -48.70     0.061
  -19.31     8.87   -33.65       -17.51    11.00   -33.71     0.125
   10.48    24.16    -7.28        12.32    25.51    -6.98     0.113
   20.43    23.68     5.21        22.18    24.99     5.56     0.092
  -38.38    -8.52   -42.32       -36.67    -6.26   -42.53     0.107
   -0.19    -1.98   -24.29         1.39    -0.26   -24.28     0.037
   27.79   -11.96   -18.90        29.30   -10.64   -18.88     0.060
    4.74   -17.16    -4.90         6.09   -15.58    -5.05     0.095
    8.92    -7.60    43.74        10.09    -6.51    43.71     0.085
   16.74    14.76   -31.33        18.57    16.37   -31.12     0.010
  -40.89     0.12   -21.58       -39.25     2.24   -21.81     0.023
  -42.42    -1.32   -24.66       -40.76     0.82   -24.91     0.051
   33.02    10.76    10.13        34.66    11.83    10.47     0.116
  -32.82   -11.81    -6.28       -31.37    -9.91    -6.63     0.079
   -1.54   -16.26   -33.29        -0.04   -14.44   -33.45     0.010
   -9.09     6.74   -16.69        -7.43     8.34   -16.69     0.145
   28.14    19.37   -15.81        30.01    20.78   -15.50     0.113
   -8.83     1.26    31.85        -7.40     2.57    31.79     0.099
   -3.35   -23.95   -31.25        -1.96   -22.11   -31.49     0.032
   32.92    11.56    10.25        34.47    12.61    10.53     0.004
  -33.34   -15.29   -46.31       -31.74   -13.03   -46.64     0.003
   18.47    -0.35    58.89        19.71     0.38    58.99     0.090
   21.26     8.45    51.45        22.32     9.24    51.61     0.244
   21.34    -9.55     7.07        22.68    -8.31     7.08     0.040
  -28.61    -2.00   -45.05       -26.90     0.23   -45.26     0.050
  -22.98   -34.64   -29.56       -21.68   -32.70   -30.01     0.078
