200 PA4-F-Debug-Output.txt
   18.05    15.01    47.44        20.20    15.72    46.91     0.083
    3.20    -8.41    33.70         4.93    -7.28    33.23     0.113
    8.67    -6.59    61.43        11.79    -6.36    60.70     0.020
   15.00     7.49   -15.60        14.15    10.10   -16.08     0.011
   -6.73    10.89    61.81        -3.75    10.97    62.41     0.051
  -10.91    13.02    13.60       -10.34    14.49    14.50     0.018
   17.21    22.08   -18.08        16.14    24.72   -18.23     0.066
  -10.71   -17.65   -47.36       -12.89   -14.35   -47.29     0.007
  -22.17    -8.17    -5.80       -22.34    -6.24    -4.95     0.022
   16.90    21.47    23.12        17.80    22.77    22.89     0.171
   17.30    22.08   -19.63        16.16    24.76   -19.78     0.079
   30.44   -11.19    -0.25        30.51    -8.90    -2.09     0.026
   31.70     0.52    16.94        32.55     2.33    15.39     0.060
   14.28   -16.44     1.98        14.53   -14.39     0.80     0.053
  -17.00   -17.32    -5.41       -17.09   -15.33    -5.09     0.009
    2.38   -12.34    13.92         3.19   -10.80    13.42     0.067
   28.15   -13.67   -19.21        27.27   -10.81   -20.98     0.011
  -27.99   -22.94   -46.14       -30.07   -19.89   -45.43     0.077
    4.17   -15.86     0.20         4.34   -13.74    -0.51     0.099
   20.34     6.70    49.17        22.87     7.42    48.31     0.168
    1.91   -10.69   -27.92         0.63    -7.84   -28.29     0.019
  -28.31   -28.32   -12.71       -28.68   -26.28   -12.11     0.068
  -17.01   -34.66   -32.21       -18.27   -31.96   -32.38     0.091
  -10.74     5.61   -16.56       -11.59     8.01   -15.83     0.025
  -18.60   -32.58   -38.49       -20.20   -29.54   -38.44     0.093
  -12.56    -9.90     4.09       -12.26    -8.17     4.42     0.022
  -11.23    14.07    37.40        -9.40    14.84    38.28     0.086
   13.95    14.48    63.19        16.96    14.72    62.84     0.011
    7.13     8.42   -11.35         6.50    10.76   -11.39     0.064
   26.76    12.09   -27.21        25.29    15.17   -28.16     0.037
    3.87   -15.54     0.18         3.99   -13.65    -0.44     0.157
    4.01   -15.04     3.53         4.34   -12.95     2.84     0.154
  -38.75   -24.18   -22.18       -39.58   -21.91   -20.96     0.016
   17.34    22.11    16.35        17.99    23.91    16.16     0.144
   33.63    -9.17   -19.02        32.68    -6.23   -20.92     0.060
   -8.98     9.36    56.05        -6.35     9.61    56.68     0.104
   19.99    16.19    34.87        21.54    17.31    34.30     0.040
  -14.40   -20.65    -7.04       -14.55   -18.58    -6.95     0.009
   19.01    -7.83    20.05        20.07    -6.25    18.85     0.012
   17.18    24.32     7.10        17.32    26.29     6.98     0.034
   -9.77     7.08    56.36        -6.94     7.27    56.97     0.066
   -7.37    13.08    50.16        -4.96    13.48    50.83     0.018
   25.12   -13.37     0.50        25.23   -11.03    -1.20     0.119
   11.58    -3.66    63.44        14.71    -3.40    62.56     0.114
   28.66     2.86    21.60        29.66     4.49    20.23     0.023
   27.02   -15.91   -14.09        26.45   -13.25   -15.89     0.037
   18.21    12.79    52.87        20.92    13.46    52.30     0.219
  -24.13     7.99   -33.03       -25.80    10.70   -31.53     0.015
  -24.24   -20.24    -7.00       -24.38   -18.28    -6.39     0.008
    4.06   -15.64     0.55         4.23   -13.62    -0.12     0.006
  -32.42    -9.39    -9.73       -32.78    -7.43    -8.37     0.024
   16.98    -0.25   -20.72        15.91     2.53   -21.61     0.086
   -2.19    -1.81   -28.46        -3.54     1.03   -28.39     0.062
  -42.62   -13.76   -25.19       -43.70   -11.45   -23.45     0.012
   26.00    18.10    15.02        26.56    19.89    14.26     0.007
   -8.81     0.20    53.51        -6.15     0.50    53.86     0.017
   -0.42    22.34    15.84         0.19    23.77    16.52     0.074
  -25.21   -34.79   -28.33       -26.27   -32.18   -28.08     0.012
   -4.19    22.89    20.07        -3.38    24.12    20.94     0.106
   19.95   -13.03   -19.72        19.03   -10.27   -21.09     0.054
   -2.62    22.23    30.93        -1.31    23.07    31.63     0.206
   15.13   -15.93     2.58        15.35   -13.74     1.30     0.128
   30.05     5.61    18.90        30.98     7.34    17.59     0.075
    0.29    22.73    16.61         0.97    24.01    17.26     0.202
   -9.45     0.65    28.33        -7.88     1.72    28.74     0.145
   11.19   -16.50     2.69        11.46   -14.45     1.62     0.029
   10.21    20.35    53.74        12.70    20.93    53.78     0.110
   -4.63    18.02    44.07        -2.50    18.48    44.72     0.185
    6.21    20.63    34.98         7.76    21.70    35.25     0.066
  -15.45   -10.58    -0.00       -15.35    -8.76     0.47     0.042
  -20.92   -35.33   -31.19       -22.13   -32.55   -31.16     0.065
    7.48   -12.32   -22.61         6.48    -9.59   -23.34     0.036
  -22.16     4.91   -40.15       -24.18     7.90   -38.85     0.031
  -32.01   -29.00   -17.00       -32.59   -26.86   -16.23     0.063
   -9.85     6.02    59.73        -7.08     6.14    60.30     0.174
   -8.53    22.24    18.07        -7.79    23.51    19.19     0.099
  -21.55    -4.23   -48.23       -23.88    -1.02   -47.20     0.012
  -10.31    12.08    37.52        -8.69    12.76    38.45     0.215
   24.42    -8.15    14.09        25.15    -6.20    12.54     0.146
  -16.90   -31.36   -15.00       -17.35   -29.06   -15.10     0.026
   -0.77    17.91    51.57         1.58    18.58    52.10     0.246
    1.89    16.28     2.87         1.93    18.18     3.29     0.048
  -10.90     4.84    26.39        -9.43     6.01    26.99     0.201
   26.03    -3.47   -26.80        24.69    -0.42   -28.15     0.009
   19.99   -11.99   -20.82        19.04    -9.19   -22.15     0.014
   20.06   -13.03     3.61        20.33   -10.93     2.22     0.005
  -20.84   -15.27    -5.60       -20.94   -13.29    -5.08     0.067
  -25.25     8.31   -30.59       -26.82    11.01   -29.05     0.064
   16.86     7.19   -19.85        15.80     9.94   -20.43     0.003
  -17.12    -6.94   -48.54       -19.47    -3.69   -47.77     0.056
  -37.98   -23.99   -19.22       -38.70   -21.83   -18.02     0.043
    6.58    20.21    -1.21         6.32    22.31    -0.94     0.038
   -9.52   -11.54     5.07        -9.13    -9.76     5.17     0.039
  -33.03     5.00   -29.09       -34.52     7.58   -27.27     0.072
    4.46    16.43    -1.49         4.27    18.49    -1.19     0.032
   -1.67     2.28   -23.33        -2.86     4.90   -23.09     0.071
   -0.57   -25.25   -26.30        -1.63   -22.48   -26.99     0.026
   -9.76   -17.54   -47.12       -11.95   -14.23   -47.04     0.046
    6.30    -8.72   -23.33         5.24    -5.96   -23.91     0.056
    9.92    -8.44    24.08        11.19    -7.10    23.30     0.044
   18.11     4.94   -22.95        16.77     7.79   -23.67     0.130
  -22.07     4.97   -40.12       -24.08     7.95   -38.81     0.021
   -1.94   -10.35    23.86        -0.65    -8.99    23.58     0.104
   -8.76   -30.49   -35.93       -10.26   -27.51   -36.36     0.012
    9.82    18.55    62.52        12.77    18.78    62.53     0.036
   -5.62    14.87    56.97        -2.90    15.10    57.60     0.006
   16.90    -4.49    41.13        18.93    -3.50    40.09     0.068
    1.01    -5.52   -27.02        -0.33    -2.73   -27.13     0.068
  -41.06   -11.84   -18.63       -41.88    -9.71   -16.90     0.066
   23.45     7.08   -29.80        21.90    10.21   -30.66     0.043
   13.87    -8.21    21.75        15.04    -6.90    20.80     0.180
    9.95   -14.65   -19.65         9.06   -11.95   -20.51     0.052
  -12.60    23.12    26.31       -11.48    24.22    27.59     0.044
   11.17   -18.93    -3.58        11.17   -16.61    -4.73     0.105
   -3.24    16.61    58.21        -0.50    16.86    58.78     0.056
   -2.73     1.42   -26.06        -4.02     4.16   -25.84     0.010
  -22.69    -5.63    -7.77       -22.94    -3.68    -6.86     0.094
   17.85    24.37     6.36        17.94    26.31     6.20     0.036
  -30.98   -25.61   -42.19       -32.80   -22.66   -41.34     0.016
   17.29     3.70    62.99        20.35     4.00    62.13     0.036
   34.27    -7.44    -5.06        34.01    -4.92    -6.97     0.049
   19.44     2.21    51.74        21.96     2.87    50.76     0.026
   -1.27     5.41   -18.02        -2.21     7.88   -17.73     0.051
   -3.85   -15.46     0.10        -3.70   -13.50    -0.18     0.013
  -37.50     1.16   -28.02       -38.83     3.59   -26.08     0.025
    9.32    16.77    63.16        12.31    16.96    63.10     0.010
   11.68   -15.48   -17.74        10.90   -12.77   -18.70     0.091
   -6.16    -1.61   -39.93        -8.07     1.55   -39.64     0.073
   17.02    21.43    23.18        17.92    22.73    22.94     0.167
  -15.37    -2.05   -46.48       -17.63     1.11   -45.63     0.097
   15.42    10.82    63.67        18.48    11.06    63.10     0.026
   22.69   -11.60   -22.34        21.68    -8.67   -23.73     0.063
   -0.89    12.39     0.51        -0.91    14.28     0.97     0.104
   19.57     9.69    52.66        22.07    10.30    51.90     0.016
  -27.65     1.44   -42.04       -29.71     4.39   -40.53     0.020
  -39.94   -20.35   -31.26       -41.30   -17.84   -29.87     0.050
   37.42    -0.24   -13.96        36.74     2.55   -15.81     0.057
   23.22    11.00   -29.55        21.64    14.10   -30.32     0.009
   20.33   -14.07   -19.01        19.45   -11.34   -20.44     0.060
  -42.09   -14.66   -22.73       -43.10   -12.42   -21.04     0.068
    0.30   -22.99   -32.34        -1.08   -20.03   -33.00     0.021
  -27.13   -29.56   -13.10       -27.46   -27.41   -12.65     0.039
   29.17    19.22   -12.44        28.42    21.97   -13.27     0.123
   37.71     9.21     7.77        37.99    11.35     6.17     0.016
   -3.89   -11.20    17.80        -2.87    -9.71    17.62     0.076
    0.06    18.63     7.57         0.28    20.38     8.12     0.002
   21.60     2.24    41.69        23.71     3.19    40.63     0.077
  -36.94    -2.41   -37.39       -38.75     0.34   -35.58     0.037
   -6.58    13.16    61.37        -3.64    13.25    62.04     0.054
   34.93    11.64     9.85        35.33    13.72     8.49     0.070
   34.37     4.32   -22.81        33.12     7.33   -24.32     0.040
    8.33    16.27    -7.57         7.81    18.57    -7.47     0.006
   12.07     3.26    63.62        15.20     3.47    63.02     0.007
  -13.27   -27.24   -11.10       -13.59   -25.00   -11.30     0.070
  -15.74    10.97    21.20       -14.69    12.20    22.29     0.079
  -19.86     9.13   -32.05       -21.51    11.91   -30.74     0.039
  -17.91   -35.27   -28.71       -19.00   -32.61   -28.84     0.021
   17.04    18.72    39.66        18.75    19.63    39.31     0.107
    9.82    -7.79    28.83        11.33    -6.63    28.07     0.066
  -26.43   -27.81   -11.01       -26.70   -25.73   -10.54     0.024
   20.48   -11.48   -21.51        19.49    -8.63   -22.83     0.006
  -12.79   -29.05   -41.32       -14.57   -25.93   -41.48     0.014
  -14.78   -34.26   -23.04       -15.60   -31.72   -23.30     0.003
   27.80     4.92    23.05        29.04     6.52    21.85     0.178
    1.85    20.18     7.98         2.02    22.02     8.44     0.114
  -25.49   -24.27   -46.30       -27.54   -21.14   -45.68     0.017
   -1.42    -7.30    42.67         0.70    -6.77    42.46     0.191
   18.12    14.01    48.80        20.58    14.84    48.27     0.200
   -8.83     6.80   -24.14       -10.17     9.26   -23.41     0.193
   21.55    20.05    19.42        22.29    21.61    18.92     0.075
   12.22    23.48    14.00        12.70    25.20    14.10     0.042
   -5.09     1.32   -30.88        -6.56     4.21   -30.56     0.074
   39.57     1.45     3.82        39.68     3.73     1.90     0.018
   -1.40    -7.28    54.47         1.38    -6.93    54.23     0.012
   15.15   -16.66     1.45        15.29   -14.42     0.12     0.159
  -17.57    -9.77    -1.88       -17.56    -7.90    -1.29     0.011
   34.19    -9.49   -10.80        33.69    -6.81   -12.76     0.022
   -5.97   -28.42   -35.83        -7.43   -25.47   -36.38     0.099
   12.75    20.93    36.38        14.37    21.94    36.32     0.011
   21.21   -11.91     4.94        21.54    -9.83     3.52     0.010
   22.95   -17.73   -14.92        22.33   -15.03   -16.56     0.033
   25.04    -5.72    19.46        26.07    -4.13    18.04     0.098
    0.90     7.43   -10.97         0.28     9.84   -10.79     0.094
   10.80     0.75    63.61        13.96     0.96    63.01     0.013
   12.32    -6.79    40.31        14.36    -5.82    39.44     0.060
   27.95     5.17    23.33        28.94     6.73    22.02     0.108
  -25.29    -3.28   -46.52       -27.51    -0.18   -45.24     0.056
    1.78    -6.01   -26.33         0.54    -3.21   -26.56     0.014
   26.14     9.31    25.75        27.26    10.77    24.68     0.067
  -36.85   -19.82   -13.52       -37.30   -17.79   -12.27     0.003
  -32.99   -28.20   -17.16       -33.59   -26.05   -16.32     0.058
   -1.61    11.31    -0.25        -1.66    13.22     0.20     0.086
   -9.00   -32.39   -28.11       -10.10   -29.65   -28.60     0.011
    6.93     7.38   -12.59         6.23     9.89   -12.74     0.099
    9.94    21.70    28.93        11.19    22.78    29.03     0.136
   29.01    -3.73    18.22        29.92    -1.99    16.65     0.015
   -8.09   -18.52    -5.18        -8.17   -16.43    -5.35     0.019
   30.21   -10.77   -21.46        29.25    -7.90   -23.28     0.092
  -35.96   -11.07   -10.00       -36.29    -9.14    -8.56     0.022
    2.05   -21.54   -15.46         1.44   -19.00   -16.20     0.064
