200 PA4-E-Debug-Output.txt
  -33.22     2.28   -40.24       -32.64     5.13   -37.82     0.005
   -5.27   -10.53   -43.07        -4.56    -7.30   -41.35     0.065
   -4.61    -5.30    43.46        -3.23    -4.78    45.34     0.179
   -3.42    -5.62    56.39        -1.89    -5.55    58.24     0.240
    1.92    -4.45   -25.85         2.70    -1.68   -24.00     0.009
    0.24   -21.53   -20.12         1.19   -18.88   -18.75     0.071
   27.88    19.25   -13.39        28.60    21.95   -11.10     0.070
  -40.00   -10.35   -14.36       -39.08    -8.31   -12.24     0.047
   21.41     6.41    46.09        22.90     7.23    48.05     0.084
  -35.13   -16.13   -47.57       -34.48   -13.08   -45.71     0.038
   24.48     0.71    28.08        25.90     2.02    29.88     0.167
   -5.04    12.40     4.37        -4.15    14.23     6.76     0.047
   18.73    -6.85   -25.33        19.56    -3.93   -23.67     0.044
   -2.32    -3.64   -29.10        -1.61    -0.84   -27.16     0.039
  -36.02     4.28   -27.40       -35.35     6.75   -24.91     0.028
  -10.41    10.28    34.31        -9.06    11.19    36.67     0.104
   24.07    20.80     8.13        24.93    22.68    10.48     0.098
   -6.40    12.07    58.42        -4.91    12.26    60.81     0.011
   30.03     6.16    15.30        31.15     7.98    17.19     0.026
   24.73    -5.28    17.80        26.04    -3.73    19.43     0.172
   24.19    -3.85    21.78        25.61    -2.44    23.49     0.241
  -24.91   -15.30    -7.75       -23.86   -13.33    -5.91     0.057
  -35.17   -21.81   -12.20       -34.10   -19.81   -10.48     0.024
   -1.09    -2.80    61.57         0.56    -2.65    63.39     0.078
   14.77     6.37   -20.55        15.45     9.11   -18.54     0.063
    2.62    22.46    11.37         3.53    24.12    14.00     0.006
  -18.55    -4.30   -48.97       -18.01    -1.03   -46.93     0.042
  -35.70   -29.37   -35.33       -34.71   -26.60   -33.80     0.101
   -8.45    -0.56    30.31        -7.12     0.45    32.35     0.018
   16.74    21.25    21.25        17.75    22.72    23.70     0.035
   13.73   -13.61   -21.28        14.64   -10.80   -19.76     0.078
  -33.34   -30.71   -35.98       -32.41   -27.96   -34.55     0.009
   -4.89   -10.56    18.65        -3.57    -9.08    20.36     0.098
   -4.62   -14.07   -42.57        -3.88   -10.87   -40.96     0.059
   36.71     8.16    -9.29        37.64    10.82    -7.44     0.126
   -0.59     2.63   -23.07         0.15     5.29   -20.98     0.004
   34.97     4.72   -20.75        35.60     7.64   -18.91     0.123
  -29.93   -12.33   -49.66       -29.32    -9.17   -47.74     0.026
   -7.86     8.75     1.97        -6.96    10.64     4.28     0.062
  -30.51   -32.32   -20.59       -29.40   -29.96   -19.27     0.061
   -8.16     2.72    57.83        -6.51     2.93    59.93     0.093
   13.34    22.17    16.85        14.34    23.93    19.38     0.160
  -21.78     8.91   -34.62       -21.21    11.65   -32.12     0.052
   18.37    12.19    59.92        19.87    12.58    62.06     0.003
   10.83    20.10    55.49        12.20    20.52    57.95     0.024
  -15.05   -15.87   -50.15       -14.43   -12.53   -48.41     0.046
    8.78    23.05    13.67         9.71    24.75    16.26     0.044
    9.97    21.13    28.00        11.05    22.53    30.52     0.158
    6.26    -5.68    61.72         7.95    -5.46    63.42     0.034
   28.42    14.49    11.71        29.53    16.49    13.93     0.177
  -18.51   -33.57   -36.71       -17.57   -30.67   -35.51     0.013
   27.47    19.75     3.90        28.37    21.94     6.22     0.081
   20.11    -1.45    42.95        21.44    -0.47    44.66     0.149
  -14.72    19.83    17.57       -13.68    21.12    20.31     0.053
   -6.99    12.40     6.92        -6.13    14.19     9.29     0.138
   25.11     6.19    28.68        26.21     7.56    30.56     0.141
   37.86     4.53     5.26        38.88     6.72     7.02     0.009
  -22.57    -5.23   -49.41       -22.01    -2.01   -47.39     0.067
   -9.27   -30.81   -22.86        -8.28   -28.10   -21.70     0.147
   14.03    21.52    22.26        15.08    23.10    24.75     0.130
  -12.60   -23.28   -11.04       -11.49   -21.04    -9.65     0.053
   15.21   -17.86   -16.89        16.21   -15.18   -15.53     0.057
   13.25     4.70    61.13        14.83     5.00    63.11     0.007
   26.81     4.17   -32.03        27.44     7.35   -30.16     0.004
    1.03    19.11    40.27         2.27    20.14    42.88     0.253
   -1.02   -10.80    19.51         0.29    -9.41    21.19     0.017
  -16.22   -27.21   -12.45       -15.09   -25.00   -11.10     0.009
  -31.73     2.12   -41.81       -31.12     4.98   -39.35     0.100
  -20.51   -20.93    -8.13       -19.39   -18.90    -6.54     0.009
    0.21    17.60    57.65         1.63    17.88    60.13     0.014
  -13.50     2.10    10.25       -12.29     3.66    12.42     0.119
    9.49   -12.38   -23.51        10.35    -9.58   -21.93     0.043
  -40.76    -1.30   -23.39       -40.00     1.00   -21.01     0.029
  -11.58   -23.33   -45.49       -10.82   -20.11   -44.06     0.014
  -18.62   -28.95   -43.76       -17.79   -25.84   -42.43     0.010
  -40.73   -13.83   -36.62       -39.95   -11.15   -34.61     0.012
   26.45    -5.84    14.49        27.66    -4.03    16.05     0.005
   17.55     5.99   -29.16        18.28     9.09   -27.10     0.125
   12.21    -5.62    60.13        13.84    -5.24    61.75     0.093
   -3.18   -10.01   -36.12        -2.44    -6.98   -34.37     0.012
   15.54    24.70    -6.55        16.24    27.02    -3.98     0.004
  -21.74     0.49   -45.69       -21.21     3.62   -43.44     0.005
   35.64     6.82   -16.35        36.30     9.58   -14.48     0.119
   -2.59   -24.00   -34.45        -1.77   -20.99   -33.10     0.070
    3.03    -7.79    55.09         4.66    -7.40    56.79     0.009
   24.59     6.31    30.21        25.77     7.63    32.11     0.070
   17.35    19.55    33.23        18.57    20.78    35.62     0.095
   12.85   -14.32     3.07        14.05   -12.44     4.61     0.179
  -20.61   -15.60    -6.67       -19.52   -13.60    -4.95     0.014
    2.35    -9.99    21.27         3.65    -8.56    22.93     0.051
   -0.54   -19.08    -8.85         0.55   -16.84    -7.40     0.008
    6.21    -8.60   -24.79         7.03    -5.83   -23.06     0.042
   15.28    -4.62    49.84        16.89    -4.03    51.53     0.092
   11.99   -19.63    -8.09        13.05   -17.38    -6.80     0.103
   -8.36     3.39    49.99        -6.85     3.82    52.15     0.027
    5.17    19.33    57.21         6.54    19.74    59.70     0.087
   14.51    -6.34    36.78        15.96    -5.42    38.43     0.124
   17.68    15.83    48.52        19.06    16.56    50.79     0.043
  -10.18    21.37    31.90        -9.05    22.28    34.60     0.030
   21.61   -16.39    -5.91        22.72   -14.04    -4.59     0.044
   32.50    -9.28   -19.69        33.31    -6.34   -18.26     0.100
   21.96     1.22    39.37        23.33     2.26    41.16     0.019
    1.83    -9.69   -27.72         2.60    -6.87   -25.97     0.063
  -13.34    17.87    32.93       -12.19    18.75    35.60     0.041
   24.57   -10.19   -26.40        25.40    -7.20   -24.97     0.043
   -8.96     5.85   -13.72        -8.15     8.13   -11.46     0.020
   16.42    24.25     4.46        17.25    26.30     7.02     0.059
  -29.60     4.62   -39.28       -29.03     7.47   -36.84     0.006
   22.82    -0.22    33.05        24.20     0.99    34.81     0.053
   -5.60    13.24    55.43        -4.28    13.62    57.86     0.150
  -12.34   -32.20   -35.10       -11.37   -29.32   -33.93     0.043
  -29.53     7.72   -24.15       -28.84    10.12   -21.63     0.005
   -5.31    -4.06   -38.86        -4.68    -0.99   -36.91     0.019
   31.38    -8.96   -24.13        32.12    -5.88   -22.62     0.147
   -3.79     2.44   -25.23        -3.11     5.03   -23.04     0.133
    9.66    21.79    -8.66        10.35    24.13    -6.12     0.026
   25.30    -2.53   -30.90        26.02     0.62   -29.18     0.029
  -12.50     2.33   -41.56       -11.87     5.50   -39.43     0.129
  -35.44   -20.71   -11.76       -34.32   -18.68   -10.07     0.071
  -27.17     6.04   -38.29       -26.63     8.93   -35.86     0.049
  -16.04     0.57    -1.22       -15.09     2.45     0.96     0.032
   -0.40     3.93   -21.30         0.37     6.57   -19.20     0.048
   20.41     6.89    53.36        21.90     7.49    55.33     0.016
  -20.27   -33.55   -37.56       -19.34   -30.64   -36.34     0.006
  -11.82     8.71    29.01       -10.62     9.70    31.37     0.016
  -15.03    11.39    17.62       -14.10    12.59    20.02     0.200
   13.74    24.97    -0.85        14.53    27.34     1.71     0.244
   22.43    21.65   -21.86        22.99    24.45   -19.43     0.036
    3.91    -7.44   -25.72         4.72    -4.65   -23.98     0.011
   13.71    17.80   -32.05        14.22    20.85   -29.64     0.014
    0.15     6.32   -16.97         0.92     8.69   -14.73     0.123
   -0.81   -12.61     9.88         0.40   -11.06    11.52     0.140
   16.37    16.75    51.29        17.82    17.44    53.61     0.108
  -31.27   -28.51   -15.10       -30.16   -26.37   -13.63     0.007
    9.12    21.18    28.76        10.22    22.44    31.28     0.047
   30.61     9.58    12.62        31.55    11.44    14.54     0.120
  -17.05    17.71    23.35       -16.14    18.86    26.04     0.162
    6.64     0.85    61.29         8.26     1.09    63.27     0.059
    0.47    -7.42    56.09         2.11    -7.20    57.83     0.114
   12.31    10.76    60.97        13.83    11.05    63.14     0.004
    0.99    18.03    55.60         2.41    18.32    58.08     0.051
   11.38    23.13    -9.38        12.08    25.45    -6.79     0.048
   -3.49   -10.88   -41.10        -2.81    -7.71   -39.37     0.006
   32.37     4.60   -26.21        33.08     7.67   -24.40     0.027
  -40.15   -15.96   -15.10       -39.11   -13.90   -13.20     0.047
  -36.88   -29.56   -28.05       -35.83   -27.01   -26.55     0.090
   14.90    20.35    34.51        16.08    21.54    36.95     0.101
   18.25    23.83   -10.11        18.91    26.22    -7.58     0.066
   21.94    23.39    -4.46        22.62    25.56    -2.00     0.155
  -10.60    23.19    19.86        -9.64    24.58    22.60     0.115
   21.55    -7.05    18.75        22.72    -5.26    20.27     0.178
  -37.54   -28.31   -31.87       -36.60   -25.74   -30.33     0.010
   16.73    23.47   -12.46        17.38    26.02    -9.93     0.038
  -40.60   -20.87   -35.99       -39.84   -18.22   -34.21     0.079
   14.14   -17.12   -17.40        15.11   -14.52   -16.07     0.049
   12.27    -2.57    61.42        13.92    -2.28    63.09     0.096
   24.96   -13.90    -3.86        26.03   -11.46    -2.56     0.094
  -10.35   -31.67   -30.32        -9.27   -29.01   -29.18     0.169
  -14.73   -14.68   -49.93       -14.09   -11.36   -48.25     0.045
  -38.19   -16.91   -44.21       -37.43   -13.96   -42.30     0.046
   -1.77   -12.46   -33.80        -1.07    -9.53   -32.10     0.087
    1.95     8.01    61.26         3.51     8.20    63.42     0.029
    6.54    -9.35    19.45         7.82    -7.84    21.09     0.039
  -14.10     1.33     6.06       -13.19     3.04     8.24     0.147
  -32.23   -31.44   -20.95       -31.21   -29.24   -19.51     0.138
   25.49   -15.94   -17.43        26.46   -13.19   -16.16     0.008
   10.42   -11.77     9.28        11.67   -10.14    10.90     0.202
  -26.39   -30.38   -15.01       -25.26   -28.29   -13.58     0.112
   18.61    -3.16    40.86        20.23    -2.38    42.59     0.252
   10.63    18.81   -14.78        11.31    21.32   -12.33     0.009
   13.23    -7.73    25.63        14.55    -6.29    27.25     0.078
  -12.16    20.79    16.17       -11.18    22.16    18.91     0.023
  -22.36   -24.54    -9.41       -21.23   -22.44    -7.97     0.073
   15.31   -16.83    -2.20        16.42   -14.56    -0.91     0.090
  -22.42   -22.23    -8.31       -21.30   -20.21    -6.75     0.004
   -5.87    13.34    50.79        -4.48    13.76    53.21     0.003
  -22.91     2.91   -16.25       -22.10     5.17   -13.91     0.028
   36.54     0.64     7.73        37.58     2.75     9.35     0.047
   -0.12    16.41     2.55         0.74    18.32     5.01     0.035
   33.82     2.21   -23.67        34.50     5.22   -21.90     0.062
   12.42    -7.03    37.45        13.85    -5.95    39.10     0.079
   28.35     3.97    19.34        29.38     5.66    21.12     0.134
   13.41   -18.89    -4.71        14.54   -16.65    -3.40     0.017
  -34.01     5.82   -27.68       -33.32     8.26   -25.16     0.037
   19.08    18.58   -30.19        19.57    21.59   -27.74     0.091
  -14.55     0.28     6.23       -13.47     1.94     8.37     0.019
    3.09    -7.82    40.94         4.58    -7.00    42.65     0.016
   15.71    19.00   -31.35        16.24    22.12   -28.97     0.081
   -7.50    -0.85    49.00        -5.82    -0.33    51.02     0.176
   -1.41   -23.41   -21.71        -0.45   -20.75   -20.39     0.062
    7.37    -7.30    47.60         8.98    -6.85    49.27     0.204
   30.63    11.17    11.33        31.69    13.13    13.38     0.068
   -0.20     0.49   -25.00         0.50     3.18   -22.94     0.059
   26.81    19.86   -17.27        27.47    22.63   -14.94     0.039
  -18.38    -9.52    -2.75       -17.34    -7.63    -0.84     0.022
  -14.12     3.19    -2.57       -13.05     4.97    -0.35     0.187
  -33.17    -6.62   -11.66       -32.23    -4.61    -9.52     0.003
   16.90    21.43    20.24        17.84    22.77    22.68     0.204
    1.22    -6.09   -26.94         2.07    -3.26   -25.18     0.093
    1.52   -20.15   -21.14         2.62   -17.69   -19.77     0.220
