200 PA4-H-Unknown-Output.txt
   34.87    20.01     2.52        33.87    17.01     4.51     0.002
   15.09    28.99    -8.85        14.08    25.99    -6.86     0.004
   14.14   -13.09   -13.80        13.14   -16.09   -11.80     0.003
   30.67    -1.44    11.53        29.67    -4.44    13.52     0.001
   36.46     6.87   -21.49        35.46     3.88   -19.50     0.002
   18.94    28.35   -18.78        17.94    25.34   -16.78     0.006
    5.52     7.99    61.40         4.53     4.99    63.40     0.004
   -3.97     0.37    42.35        -4.97    -2.63    44.35     0.004
   23.99    10.44    45.35        22.99     7.44    47.34     0.007
  -12.12     8.52    -9.46       -13.13     5.53    -7.46     0.006
  -10.38    18.71    34.57       -11.39    15.70    36.57     0.005
   38.33    15.73     2.16        37.33    12.73     4.15     0.002
   30.40    -5.14     2.47        29.40    -8.15     4.47     0.004
    9.49    23.50    54.87         8.49    20.51    56.86     0.007
  -42.54    -1.84   -29.79       -43.55    -4.85   -27.79     0.006
   -9.90    10.26    20.86       -10.91     7.26    22.86     0.010
   36.73     2.40     9.00        35.74    -0.60    11.00     0.009
   -3.78    20.46    42.24        -4.77    17.45    44.23     0.009
   32.27    22.33     4.46        31.27    19.34     6.45     0.013
  -35.94     0.50   -42.90       -36.95    -2.50   -40.90     0.002
   -0.27    26.52    27.90        -1.27    23.51    29.89     0.009
  -14.08    14.34   -28.84       -15.09    11.34   -26.84     0.004
   16.62     4.80   -23.55        15.62     1.80   -21.55     0.007
  -29.15    -7.71   -49.34       -30.15   -10.71   -47.34     0.001
   -5.34   -21.79   -19.28        -6.34   -24.79   -17.29     0.002
    9.69    24.51    36.87         8.69    21.51    38.87     0.002
  -24.47    10.99   -40.08       -25.48     7.99   -38.08     0.010
  -31.09   -15.34   -46.61       -32.09   -18.35   -44.60     0.006
   34.75    -3.43   -18.44        33.76    -6.44   -16.45     0.007
    7.71    -4.86   -25.40         6.70    -7.86   -23.40     0.002
  -21.74    -8.29    -6.83       -22.74   -11.29    -4.83     0.001
   30.29    22.81     8.58        29.30    19.82    10.58     0.010
   -9.43    18.57    12.91       -10.43    15.57    14.90     0.002
  -14.83    18.28    18.55       -15.83    15.28    20.54     0.001
    1.02    20.17    56.76         0.02    17.18    58.76     0.010
  -14.02    15.54    26.19       -15.02    12.54    28.19     0.005
    9.78    -2.95   -24.18         8.77    -5.95   -22.18     0.002
   12.23   -10.52     1.60        11.23   -13.53     3.60     0.012
   19.55   -11.63    -4.44        18.55   -14.63    -2.44     0.007
  -29.52     9.40   -39.68       -30.53     6.40   -37.68     0.002
   28.26    17.36    18.51        27.26    14.36    20.50     0.003
   19.50    25.95    17.54        18.50    22.96    19.53     0.011
   -4.65     1.63    40.13        -5.66    -1.38    42.13     0.009
   -9.47   -26.92   -27.25       -10.47   -29.92   -25.26     0.007
   34.79    13.90     9.90        33.79    10.91    11.89     0.002
   14.30    22.67   -32.22        13.30    19.67   -30.22     0.005
   18.88    -2.54    27.84        17.88    -5.54    29.83     0.005
  -17.94    10.48   -41.55       -18.95     7.47   -39.56     0.003
   -5.08    13.44    -0.12        -6.09    10.44     1.88     0.005
   -9.73    -4.36     5.15       -10.73    -7.36     7.14     0.002
  -27.75    13.24   -31.47       -28.75    10.23   -29.47     0.001
    0.41   -13.58   -36.61        -0.59   -16.58   -34.61     0.002
    0.47   -16.91   -17.31        -0.53   -19.91   -15.32     0.001
   30.21    23.01   -22.37        29.20    20.01   -20.38     0.003
    9.73     4.64   -22.07         8.73     1.64   -20.08     0.003
   24.87    -0.20   -28.66        23.87    -3.20   -26.66     0.006
   -8.56    -8.17     0.49        -9.56   -11.18     2.48     0.001
  -10.58     0.37   -47.51       -11.59    -2.63   -45.52     0.002
    9.13   -10.90   -20.93         8.13   -13.90   -18.94     0.002
   16.37    24.34    40.32        15.37    21.34    42.31     0.003
   17.67    29.94    -6.12        16.66    26.94    -4.13     0.004
  -11.42     1.35   -47.56       -12.43    -1.65   -45.57     0.001
  -25.16   -13.72   -49.49       -26.16   -16.73   -47.50     0.001
   -4.30    21.37    39.38        -5.29    18.37    41.38     0.001
   17.21    14.53   -29.80        16.21    11.54   -27.80     0.012
  -17.20   -19.61   -47.33       -18.20   -22.61   -45.33     0.008
   -0.50     5.47   -26.72        -1.50     2.47   -24.72     0.001
   -7.53     4.66   -42.09        -8.53     1.65   -40.10     0.002
  -11.64   -23.37   -15.62       -12.63   -26.37   -13.62     0.005
    6.38    22.89    48.59         5.38    19.91    50.58     0.016
   39.27     2.86    -2.63        38.27    -0.14    -0.64     0.003
   37.57    16.31    -9.78        36.57    13.32    -7.79     0.004
  -13.40   -15.40   -48.45       -14.40   -18.40   -46.44     0.007
   12.07    23.90    51.87        11.08    20.90    53.86     0.004
    3.89     6.84    61.54         2.89     3.84    63.54     0.006
   24.00    27.92   -10.20        23.00    24.93    -8.21     0.007
   39.74     3.82     1.09        38.74     0.82     3.08     0.002
   -5.94     7.82    50.14        -6.94     4.82    52.14     0.007
    7.01   -11.47   -22.70         6.00   -14.47   -20.71     0.003
   32.27    16.10   -26.27        31.26    13.10   -24.28     0.005
   28.87    18.96   -27.63        27.87    15.96   -25.64     0.002
   -9.79    22.27    14.32       -10.80    19.27    16.31     0.006
   -9.58   -27.12   -28.38       -10.58   -30.13   -26.38     0.002
   29.64    23.20   -22.91        28.63    20.20   -20.92     0.002
   33.76    13.96   -25.67        32.75    10.96   -23.68     0.003
   21.10     6.99   -28.24        20.10     3.99   -26.25     0.001
   -1.26   -17.06   -15.04        -2.26   -20.05   -13.04     0.005
   32.92     5.21   -27.73        31.92     2.21   -25.73     0.002
    9.42    -4.06    51.01         8.43    -7.07    53.01     0.009
    5.87    27.52    10.00         4.87    24.51    11.99     0.009
   23.53    11.10    48.33        22.54     8.10    50.32     0.004
   -6.82    -7.52     2.83        -7.82   -10.52     4.83     0.002
   27.37    26.36   -13.24        26.36    23.36   -11.25     0.002
   -1.89    26.89    27.46        -2.88    23.89    29.46     0.004
   22.00    28.83     0.28        21.00    25.83     2.28     0.003
  -14.30     1.61     2.20       -15.29    -1.40     4.19     0.003
  -32.04    -8.99    -9.29       -33.04   -12.00    -7.30     0.002
  -24.81   -19.71   -46.60       -25.82   -22.71   -44.59     0.005
    0.85    -4.14   -31.18        -0.15    -7.14   -29.18     0.002
   -9.57     3.73    14.96       -10.57     0.72    16.96     0.007
   30.13     1.56    16.28        29.14    -1.44    18.28     0.001
  -21.23    11.05   -40.89       -22.24     8.06   -38.90     0.011
   36.61    17.12     5.29        35.61    14.12     7.28     0.004
   -4.71   -18.63   -40.60        -5.72   -21.63   -38.60     0.005
   -0.63    24.49    35.01        -1.63    21.50    37.00     0.007
   11.55    24.33   -12.87        10.55    21.33   -10.87     0.005
   21.86    -8.75   -23.27        20.86   -11.75   -21.27     0.005
   13.12    28.77     9.71        12.11    25.78    11.71     0.008
   16.55   -10.12     0.59        15.55   -13.13     2.58     0.006
   -5.28   -16.56   -11.80        -6.28   -19.56    -9.81     0.004
  -31.43     8.09   -40.06       -32.43     5.09   -38.06     0.002
   -0.51   -17.32   -35.72        -1.51   -20.33   -33.72     0.001
   37.91    15.60    -9.95        36.91    12.61    -7.95     0.003
  -37.94     2.17   -38.80       -38.94    -0.83   -36.80     0.003
   22.49    18.78    38.01        21.50    15.78    40.00     0.008
  -27.49   -25.42   -17.03       -28.49   -28.42   -15.03     0.006
   32.23     3.62   -28.67        31.23     0.62   -26.68     0.005
  -39.65     3.07   -23.14       -40.65     0.06   -21.14     0.005
   24.18    -9.25    -4.56        23.18   -12.26    -2.57     0.003
  -29.76   -27.48   -29.44       -30.76   -30.48   -27.45     0.007
   21.09    16.94    55.45        20.09    13.94    57.44     0.003
   30.76    -6.48    -4.61        29.76    -9.48    -2.62     0.005
    7.60     5.50   -21.96         6.60     2.50   -19.97     0.001
   -3.94    -1.57   -42.62        -4.94    -4.57   -40.63     0.004
   23.25    10.60    50.55        22.25     7.60    52.54     0.002
   24.59   -10.85    -7.49        23.59   -13.85    -5.50     0.002
    0.04    -7.69   -36.75        -0.96   -10.69   -34.76     0.003
  -31.43   -23.42   -17.66       -32.43   -26.42   -15.66     0.001
   23.47    10.97    48.96        22.46     7.97    50.95     0.007
   -8.09    -7.28     2.15        -9.09   -10.29     4.15     0.009
   19.59    -3.86    14.82        18.59    -6.85    16.81     0.006
   30.55    -5.63   -23.91        29.55    -8.64   -21.92     0.004
   32.81    17.24    10.55        31.82    14.24    12.55     0.009
    8.51    -4.29    57.42         7.52    -7.28    59.42     0.011
   34.56    -1.19     8.49        33.56    -4.19    10.49     0.004
   -8.26   -19.49   -43.79        -9.27   -22.49   -41.79     0.007
  -24.27   -12.24    -8.37       -25.27   -15.25    -6.37     0.002
   22.31   -13.71   -13.24        21.31   -16.72   -11.25     0.010
  -41.38   -14.46   -27.09       -42.38   -17.46   -25.10     0.006
   29.36     6.21   -31.82        28.36     3.22   -29.83     0.002
   -4.54   -21.60   -36.36        -5.54   -24.61   -34.36     0.004
   -5.86    11.86    42.99        -6.86     8.86    44.98     0.003
   -8.76     5.06    19.01        -9.76     2.05    21.01     0.004
    0.13    22.91    39.59        -0.87    19.91    41.59     0.002
   12.01    -3.56    57.61        11.01    -6.57    59.61     0.005
   -7.91   -17.59   -11.46        -8.91   -20.59    -9.46     0.002
   12.77    -5.23    14.06        11.78    -8.24    16.06     0.010
  -27.09   -15.12   -48.66       -28.09   -18.12   -46.66     0.005
  -19.24   -10.69   -50.32       -20.24   -13.70   -48.33     0.003
  -23.37   -18.41   -47.70       -24.38   -21.41   -45.70     0.004
   18.65     0.74    57.96        17.66    -2.26    59.95     0.003
  -32.21   -25.51   -32.57       -33.21   -28.52   -30.57     0.001
   13.54    25.52    29.34        12.54    22.51    31.33     0.006
   23.11    27.59     5.10        22.11    24.59     7.09     0.002
  -38.97    -8.81   -37.92       -39.97   -11.82   -35.92     0.001
   11.91    12.58   -15.12        10.91     9.57   -13.12     0.008
   -4.52     1.71    46.79        -5.51    -1.29    48.78     0.005
   16.61   -14.52   -11.15        15.61   -17.52    -9.16     0.001
   -9.40   -21.45   -42.79       -10.40   -24.45   -40.80     0.003
  -25.61    14.55   -27.31       -26.62    11.54   -25.31     0.003
   34.16    10.90   -26.19        33.15     7.91   -24.19     0.003
   -9.06    10.10    24.18       -10.06     7.09    26.17     0.009
   24.20    12.35    43.88        23.20     9.35    45.87     0.005
    5.13     1.73    61.33         4.13    -1.27    63.33     0.008
   -4.75    25.02    14.19        -5.75    22.02    16.19     0.005
  -12.67   -24.19   -41.67       -13.67   -27.19   -39.67     0.004
   12.11    24.36    43.98        11.12    21.36    45.98     0.003
   12.51    28.03    -8.65        11.51    25.03    -6.65     0.003
   -0.05    10.97    61.38        -1.04     7.97    63.38     0.005
   31.56    23.59    -0.82        30.56    20.59     1.17     0.002
    2.55    22.21    45.50         1.55    19.21    47.50     0.003
  -35.70   -10.59   -45.46       -36.70   -13.60   -43.45     0.005
   -6.54    -4.63    11.84        -7.54    -7.63    13.83     0.008
   -1.71    -2.11    43.95        -2.71    -5.12    45.95     0.011
  -15.64    13.24   -37.75       -16.65    10.23   -35.75     0.004
   30.46     3.19    16.78        29.47     0.19    18.78     0.001
   -1.72    -1.84    49.19        -2.71    -4.84    51.18     0.005
   -3.86     0.71    52.12        -4.86    -2.30    54.12     0.006
  -23.26   -28.74   -21.78       -24.26   -31.74   -19.79     0.003
  -27.98    10.13   -39.63       -28.99     7.12   -37.63     0.004
   -1.80    -2.83    34.73        -2.80    -5.85    36.73     0.013
    8.11    23.02    -7.66         7.11    20.02    -5.66     0.003
    7.41    26.17    24.34         6.41    23.17    26.33     0.005
    8.45    -4.17    52.72         7.45    -7.18    54.72     0.014
  -10.53     8.92    14.66       -11.53     5.91    16.65     0.002
  -30.87    -1.74   -11.36       -31.87    -4.75    -9.36     0.001
   13.00    27.79    13.57        12.00    24.80    15.56     0.006
   16.35    -2.37    42.54        15.35    -5.37    44.53     0.003
  -27.51   -27.25   -35.91       -28.51   -30.25   -33.91     0.001
  -20.72    -9.62   -51.11       -21.73   -12.62   -49.11     0.001
   40.15     5.05     4.24        39.15     2.06     6.23     0.002
   11.95    -0.59    61.33        10.96    -3.59    63.33     0.006
  -17.90     0.87    -5.02       -18.90    -2.14    -3.02     0.002
   -8.65    18.60    36.09        -9.66    15.60    38.09     0.007
   -4.32     3.95   -35.62        -5.32     0.95   -33.62     0.004
   25.36    19.85    23.31        24.36    16.85    25.30     0.002
  -10.95   -11.16    -4.90       -11.96   -14.17    -2.89     0.007
    4.08    24.77    32.37         3.08    21.76    34.36     0.007
   -9.64    -8.44   -48.95       -10.64   -11.45   -46.96     0.001
   20.15     1.52    50.71        19.15    -1.47    52.71     0.005
