200 PA4-C-Debug-Output.txt
    2.07    19.89    46.51         3.42    19.50    48.64     0.008
   20.67     0.24    38.76        22.43     0.48    40.33     0.003
   -8.01     7.80   -23.45        -7.70     7.77   -21.22     0.005
   27.51     8.83    20.40        28.64     9.44    21.93     0.003
    5.25    -5.34    61.59         7.64    -5.76    63.42     0.006
  -11.56   -29.90   -28.22       -10.25   -29.96   -26.29     0.002
   21.43    19.45    22.96        22.31    19.85    24.71     0.003
   13.52   -14.58    -0.72        14.92   -14.17     0.86     0.003
   14.88    25.04    10.17        15.35    25.37    12.11     0.006
  -38.67    -2.65   -42.20       -38.41    -3.39   -39.46     0.005
   -5.42   -25.98   -26.62        -4.19   -25.88   -24.77     0.002
   -9.19   -26.89   -37.01        -8.14   -26.80   -35.10     0.005
   22.93    17.37    23.21        23.87    17.81    24.91     0.004
  -14.23   -15.78    -7.20       -12.90   -16.13    -5.08     0.008
  -15.09   -28.33   -40.05       -14.06   -28.38   -38.04     0.003
    0.45   -12.03   -30.09         1.21   -11.74   -28.22     0.003
   16.49    18.00    47.30        17.89    18.02    49.13     0.008
   11.94    -9.99     9.27        13.41    -9.72    10.92     0.003
   33.10    15.70    -4.08        33.55    16.70    -2.59     0.009
  -32.67   -24.82   -15.98       -31.25   -25.62   -13.59     0.012
   18.76    14.22   -32.98        18.68    15.07   -31.20     0.008
   36.15     8.40     6.98        37.03     9.38     8.34     0.005
    6.82    20.94    51.62         8.24    20.64    53.67     0.005
   -8.12   -21.20   -43.19        -7.36   -21.02   -41.24     0.003
  -27.85   -17.40    -9.45       -26.52   -18.12    -7.08     0.004
   -1.48   -14.67   -37.39        -0.80   -14.35   -35.51     0.004
    9.46    -9.65    11.29        10.96    -9.47    13.00     0.003
   13.87    25.81     8.21        14.28    26.13    10.19     0.010
    8.10    22.71    -6.45         8.29    23.00    -4.39     0.018
    5.07     1.02    61.48         7.27     0.59    63.38     0.007
    3.56    23.69    21.35         4.29    23.57    23.50     0.006
  -40.51     0.48   -20.53       -39.91    -0.51   -17.73     0.007
  -21.77   -11.07   -51.53       -21.47   -11.23   -49.20     0.003
   10.16    -7.21    21.03        11.79    -7.11    22.74     0.002
   -5.58    18.93    40.18        -4.32    18.38    42.46     0.003
    5.30   -15.38   -20.83         6.32   -15.02   -19.09     0.009
   20.60     3.02   -29.41        20.92     3.89   -27.78     0.005
  -19.84   -20.27    -9.53       -18.42   -20.76    -7.34     0.011
    4.27    -6.63    47.19         6.41    -6.96    49.02     0.009
   -1.42    19.94     6.74        -0.87    19.83     8.95     0.006
  -15.50   -23.58   -45.68       -14.72   -23.59   -43.61     0.002
    4.63    22.21    30.31         5.59    22.04    32.42     0.004
   26.77    21.56     6.00        27.26    22.28     7.68     0.009
   14.59    26.89     0.18        14.81    27.31     2.15     0.008
   26.15   -12.22    -8.80        27.31   -11.36    -7.45     0.011
  -40.09     2.82   -32.65       -39.79     1.95   -29.84     0.007
   16.95   -17.34   -14.84        18.15   -16.68   -13.34     0.021
  -33.49   -28.48   -32.97       -32.30   -29.14   -30.59     0.004
   -8.55    12.38    40.27        -7.11    11.75    42.55     0.011
  -27.11   -10.94   -50.72       -26.79   -11.25   -48.29     0.007
   -5.74    -3.32    48.91        -3.67    -3.95    50.97     0.013
   -0.08   -16.67   -29.81         0.82   -16.39   -27.98     0.009
   -5.73   -25.61   -31.34        -4.60   -25.48   -29.49     0.007
   -5.07    -4.13    54.55        -2.86    -4.80    56.59     0.010
  -34.20   -13.95   -48.24       -33.73   -14.49   -45.70     0.002
   -9.69   -10.55   -48.62        -9.35   -10.37   -46.53     0.004
  -10.22   -20.25   -11.37        -8.85   -20.44    -9.38     0.007
   25.92    23.06    -4.67        26.15    23.85    -2.96     0.005
  -29.50   -30.75   -32.74       -28.24   -31.30   -30.47     0.006
   -4.93    -4.34    57.67        -2.65    -5.03    59.70     0.008
   33.27    14.17   -17.83        33.48    15.30   -16.35     0.006
   34.87     5.61     9.41        35.89     6.54    10.78     0.008
   10.58    23.72    20.01        11.29    23.84    22.03     0.009
    2.20   -12.21     4.52         3.64   -12.18     6.34     0.003
   35.92    10.33   -13.95        36.31    11.50   -12.56     0.010
    6.51   -16.40   -16.70         7.65   -16.04   -15.00     0.003
   11.14     8.03   -16.00        11.58     8.49   -14.14     0.005
  -14.08   -27.84   -40.45       -13.07   -27.87   -38.45     0.003
   35.74    12.91    -1.19        36.33    13.96     0.23     0.006
  -10.29   -27.54   -37.01        -9.22   -27.49   -35.08     0.005
    0.84   -11.22     9.44         2.35   -11.28    11.30     0.004
  -12.71     4.60    14.81       -11.55     4.09    17.09     0.011
  -40.64    -9.89   -39.47       -40.12   -10.71   -36.77     0.006
    5.03     2.51    61.40         7.18     2.08    63.31     0.005
  -11.46    24.91    26.19       -10.65    24.31    28.64     0.008
   34.12     3.41   -23.25        34.53     4.62   -21.89     0.007
   17.16     6.51   -26.40        17.44     7.26   -24.68     0.007
  -27.31   -31.70   -31.15       -26.00   -32.19   -28.93     0.003
    3.99    19.89    54.43         5.50    19.48    56.53     0.008
   18.40   -12.01   -21.90        19.31   -11.26   -20.38     0.014
   27.23    21.90   -12.24        27.34    22.81   -10.56     0.009
   -4.41    -0.02   -32.25        -4.06     0.14   -30.16     0.007
   -1.72    17.84    55.36        -0.12    17.26    57.54     0.007
   -5.63     8.87   -12.85        -5.14     8.83   -10.66     0.007
   17.42    -8.94     8.51        18.84    -8.50    10.06     0.009
   -9.14   -18.45    -9.66        -7.79   -18.63    -7.67     0.005
  -21.88    12.59   -31.08       -21.85    12.22   -28.52     0.013
    5.05   -14.91   -22.28         6.04   -14.55   -20.53     0.006
  -14.27    14.78    15.42       -13.38    14.21    17.83     0.004
   13.16    24.65    13.05        13.70    24.90    15.03     0.006
   -2.95   -15.13   -40.30        -2.32   -14.84   -38.39     0.002
  -20.46   -32.33   -30.45       -19.11   -32.64   -28.37     0.010
   22.50    10.98    36.32        23.89    11.29    37.97     0.003
   33.19    -0.23    11.37        34.41     0.63    12.70     0.003
  -24.70     2.83   -46.73       -24.70     2.54   -44.21     0.006
   22.63   -11.69    -2.15        23.91   -10.99    -0.72     0.011
   36.48    -2.53     5.34        37.62    -1.50     6.59     0.014
   19.97    -9.60   -24.65        20.75    -8.77   -23.13     0.018
  -29.17   -30.68   -33.93       -27.94   -31.20   -31.66     0.003
   20.88   -14.51    -5.39        22.18   -13.83    -3.97     0.016
  -29.73   -21.53   -46.82       -29.02   -21.95   -44.45     0.002
   29.38    -9.38    -1.15        30.60    -8.50     0.16     0.016
   29.43    20.25    -3.34        29.76    21.13    -1.72     0.005
   24.18    19.37    15.34        24.91    19.92    17.05     0.005
  -20.72   -18.30    -8.76       -19.34   -18.82    -6.54     0.007
  -21.46   -24.02   -46.62       -20.68   -24.20   -44.43     0.005
   29.33    19.99   -19.19        29.35    21.01   -17.58     0.005
  -13.11   -28.32   -19.37       -11.67   -28.51   -17.40     0.003
   -2.23   -21.92   -25.33        -1.09   -21.75   -23.50     0.007
   15.68   -18.19   -10.02        17.00   -17.62    -8.52     0.015
  -10.95     8.13   -15.59       -10.49     7.95   -13.30     0.003
   34.33    12.87     7.31        35.09    13.80     8.76     0.013
  -17.46   -17.84   -49.37       -16.92   -17.88   -47.19     0.002
  -30.62   -26.64   -16.24       -29.15   -27.37   -13.91     0.003
   21.63    17.73    26.48        22.63    18.09    28.21     0.008
   18.86     6.42   -28.48        19.09     7.24   -26.79     0.005
   -7.28    -1.54    59.47        -5.04    -2.32    61.58     0.007
   18.95   -12.69    -1.25        20.28   -12.11     0.24     0.012
   10.52   -16.35    -3.63        11.92   -15.99    -2.01     0.008
   29.76    18.58   -21.42        29.78    19.64   -19.83     0.006
    4.15    23.42    23.37         4.93    23.30    25.51     0.007
    4.06    20.98    -0.84         4.42    21.10     1.28     0.010
    6.45    -6.77    53.92         8.73    -7.09    55.70     0.007
   16.91   -15.68   -17.93        18.00   -15.00   -16.41     0.019
  -29.57   -16.93    -9.70       -28.26   -17.70    -7.29     0.003
   26.47     3.87    23.67        27.82     4.42    25.17     0.004
   -5.13    -8.73    18.69        -3.50    -9.06    20.69     0.009
   30.91     7.93    14.09        31.95     8.70    15.54     0.003
   -7.18     3.62    60.82        -5.07     2.83    62.98     0.010
  -32.92     8.09   -21.82       -32.57     7.32   -19.10     0.006
   15.82    -0.20    60.32        18.02    -0.31    61.99     0.007
   -9.71    10.77     6.40        -8.88    10.41     8.69     0.003
  -13.40   -16.19    -7.67       -12.08   -16.51    -5.58     0.005
   30.36    15.65    10.14        31.09    16.44    11.68     0.006
   -2.51    21.80    35.28        -1.44    21.37    37.52     0.008
    7.30    24.25    16.81         7.92    24.30    18.89     0.006
   14.09    16.46   -32.19        13.97    17.16   -30.30     0.009
   11.48    -5.91    43.74        13.52    -5.98    45.43     0.005
   33.38    16.04     2.53        33.95    16.99     4.02     0.008
   -5.15    -4.37    42.61        -3.17    -4.92    44.65     0.008
    3.36    -7.09    30.44         5.17    -7.27    32.28     0.001
   -5.15    23.10    32.11        -4.18    22.63    34.42     0.008
    7.19    22.10    31.63         8.18    22.00    33.70     0.004
    3.51   -17.46   -17.73         4.66   -17.18   -15.97     0.005
  -40.53   -12.64   -16.33       -39.46   -13.67   -13.66     0.004
   -0.88    12.10    61.16         0.99    11.49    63.28     0.008
   12.07    25.02    -8.89        12.15    25.45    -6.89     0.017
   -0.53     8.07   -18.20        -0.13     8.22   -16.11     0.003
  -36.24    -7.88   -46.61       -35.91    -8.50   -43.97     0.007
   30.02    19.56   -17.64        30.09    20.60   -16.04     0.006
   -0.02   -10.28   -30.86         0.66    -9.99   -28.97     0.003
    8.50    20.26    -9.99         8.69    20.59    -7.97     0.018
  -40.57   -10.42   -39.90       -40.04   -11.22   -37.20     0.007
   18.06    17.67    41.13        19.36    17.80    42.93     0.003
   25.24     3.56   -31.55        25.49     4.59   -30.00     0.012
   23.90    -7.37     9.64        25.29    -6.74    11.08     0.020
  -33.26   -24.65   -41.52       -32.35   -25.22   -39.11     0.004
   15.06    22.10    28.88        15.99    22.26    30.79     0.003
  -38.37   -24.62   -30.81       -37.24   -25.44   -28.30     0.004
  -40.70     2.39   -26.65       -40.27     1.45   -23.83     0.004
    4.29    -3.12    61.54         6.61    -3.57    63.40     0.005
    0.64   -11.22   -29.71         1.38   -10.92   -27.84     0.002
   -7.81    11.62    45.96        -6.23    10.95    48.21     0.003
  -12.26   -19.94   -47.09       -11.61   -19.85   -45.04     0.007
  -12.27    -5.70     6.66       -10.97    -6.12     8.84     0.007
  -25.65     5.04   -16.47       -25.10     4.44   -13.92     0.005
   23.54    15.13    24.93        24.59    15.58    26.60     0.003
   37.32     9.34    -8.54        37.86    10.51    -7.19     0.005
   -2.01    -6.18    36.29        -0.11    -6.59    38.25     0.010
  -32.10   -25.35   -16.25       -30.68   -26.14   -13.87     0.012
  -24.29     9.61   -20.31       -23.96     9.09   -17.73     0.006
  -25.18    -0.97   -49.42       -25.12    -1.25   -46.92     0.007
   38.99     1.57    -2.34        39.85     2.74    -1.10     0.019
  -22.36   -10.47   -51.29       -22.07   -10.64   -48.94     0.006
    2.05   -16.76   -24.07         3.06   -16.48   -22.28     0.005
   -3.89    20.74    37.69        -2.74    20.25    39.95     0.007
   22.11     1.30    35.87        23.77     1.60    37.43     0.002
   -8.11    11.95    42.29        -6.61    11.31    44.55     0.005
   -1.48   -18.67   -35.75        -0.65   -18.38   -33.91     0.005
   25.43    12.84   -30.44        25.43    13.87   -28.82     0.007
   17.67   -17.90   -10.51        18.97   -17.27    -9.04     0.011
   14.22   -17.80    -7.51        15.58   -17.30    -5.97     0.007
  -38.09   -24.94   -30.69       -36.95   -25.75   -28.19     0.003
   -1.12   -20.16   -28.24        -0.09   -19.93   -26.42     0.008
   28.80   -10.02    -2.72        30.00    -9.14    -1.40     0.016
   -4.92    -5.39   -42.58        -4.61    -5.14   -40.53     0.002
   23.54    23.92   -10.03        23.64    24.70    -8.27     0.011
   21.67    11.96    39.99        23.11    12.20    41.67     0.004
   36.14    12.02     5.28        36.89    13.03     6.68     0.013
   30.53    18.87     3.79        31.04    19.72     5.37     0.007
  -34.51    -0.49   -45.14       -34.37    -1.09   -42.45     0.013
   29.14    13.15    13.89        30.02    13.87    15.43     0.003
  -18.91   -32.10   -31.39       -17.59   -32.36   -29.35     0.010
    7.44    18.13    -9.35         7.71    18.42    -7.33     0.010
   -7.23   -25.52   -35.84        -6.20   -25.39   -33.95     0.005
   21.55    -1.57   -27.62        22.03    -0.68   -26.05     0.010
   -0.88    -8.79    21.57         0.81    -9.03    23.49     0.009
   20.63    11.26    46.94        22.23    11.41    48.62     0.002
    2.54    20.09    45.31         3.86    19.72    47.44     0.009
   -1.73    17.69    56.82        -0.10    17.09    59.01     0.010
