200 PA4-B-Debug-Output.txt
   -8.21    20.78    13.30        -7.20    19.77    14.30     0.008
   -6.70    -2.93    31.97        -5.70    -3.93    32.97     0.001
   -2.23    -4.99    42.39        -1.24    -5.99    43.39     0.003
  -27.48     4.64   -14.67       -26.48     3.65   -13.68     0.002
  -33.66     2.62   -14.11       -32.66     1.63   -13.12     0.002
   18.56     6.14    61.48        19.56     5.13    62.48     0.004
   -0.80    -8.44    20.00         0.19    -9.44    20.99     0.003
    9.16    26.19    12.66        10.16    25.18    13.65     0.002
   35.48     5.31   -17.28        36.48     4.29   -16.28     0.006
   -1.61   -19.41   -19.48        -0.62   -20.42   -18.48     0.006
   38.96     8.05    -5.15        39.96     7.03    -4.16     0.005
    6.75    -2.73   -23.58         7.75    -3.74   -22.58     0.004
   10.30   -12.08     3.60        11.29   -13.09     4.60     0.002
   30.49    16.03    11.54        31.49    15.01    12.54     0.002
   -0.43     9.92    62.39         0.57     8.92    63.39     0.002
    6.47    25.13    -0.02         7.48    24.12     0.97     0.002
   -1.70    -0.60   -27.74        -0.70    -1.61   -26.75     0.002
  -18.36   -13.27    -5.80       -17.37   -14.26    -4.80     0.004
   31.36     8.32   -26.72        32.35     7.30   -25.72     0.005
   -8.44    -7.10    10.82        -7.45    -8.10    11.81     0.004
  -12.56     7.14     3.04       -11.55     6.14     4.03     0.007
  -37.36   -25.33   -29.22       -36.38   -26.31   -28.22     0.005
  -22.22   -31.72   -27.29       -21.24   -32.71   -26.29     0.003
  -13.09   -24.25   -42.07       -12.11   -25.25   -41.07     0.004
   30.03    -6.41   -23.14        31.01    -7.43   -22.14     0.009
  -36.77    -2.73   -12.29       -35.78    -3.72   -11.30     0.004
  -26.41   -10.84   -49.46       -25.41   -11.83   -48.46     0.005
   -8.13     7.01    48.50        -7.13     6.02    49.50     0.002
  -23.98     7.21   -42.18       -22.99     6.21   -41.18     0.010
  -13.05    11.89    15.34       -12.05    10.89    16.33     0.003
  -22.53     6.00   -43.28       -21.53     5.00   -42.29     0.003
   -6.01    -1.31    59.57        -5.01    -2.31    60.57     0.005
   -0.22   -15.57   -28.97         0.78   -16.57   -27.98     0.009
   20.32    16.60    40.83        21.33    15.59    41.83     0.004
   -4.23   -14.49    -4.92        -3.24   -15.50    -3.92     0.005
    7.41   -12.27     2.81         8.40   -13.28     3.80     0.007
   -2.09   -19.04   -34.08        -1.10   -20.05   -33.09     0.010
    3.61   -11.24     7.10         4.60   -12.25     8.10     0.002
   22.31   -13.02    -6.43        23.30   -14.03    -5.44     0.004
  -39.48    -8.64   -12.44       -38.49    -9.62   -11.45     0.005
  -29.58    10.04   -34.52       -28.58     9.04   -33.53     0.008
  -40.75    -9.72   -39.62       -39.75   -10.70   -38.63     0.006
  -16.22     6.32   -11.67       -15.23     5.33   -10.68     0.003
  -17.18    19.11    26.73       -16.17    18.11    27.72     0.002
  -34.37   -26.88   -20.84       -33.39   -27.87   -19.85     0.004
  -13.39   -24.24   -42.26       -12.41   -25.25   -41.27     0.004
   22.49    13.47   -31.74        23.49    12.45   -30.74     0.002
   24.85     2.92   -30.73        25.85     1.90   -29.72     0.009
  -25.10   -24.79   -42.89       -24.11   -25.79   -41.90     0.007
   19.08    26.53   -16.40        20.09    25.53   -15.41     0.012
   -4.93    -1.15   -36.76        -3.93    -2.15   -35.76     0.007
   29.48    17.55    11.45        30.48    16.53    12.45     0.005
    2.23     9.16    62.42         3.23     8.16    63.42     0.005
  -21.88     8.41   -40.54       -20.88     7.41   -39.54     0.007
   34.71    15.48    -5.04        35.71    14.46    -4.04     0.003
   10.57    19.22    61.77        11.57    18.22    62.77     0.006
  -29.24   -30.67   -25.72       -28.26   -31.67   -24.73     0.003
  -26.38   -30.97   -32.49       -25.40   -31.96   -31.49     0.003
   -5.83    -1.55    48.31        -4.84    -2.55    49.31     0.002
  -35.89   -25.76   -34.10       -34.91   -26.74   -33.10     0.005
  -34.71   -25.11   -17.53       -33.73   -26.10   -16.54     0.003
   12.24    -6.02    20.99        13.23    -7.02    21.99     0.003
   -4.40    21.99    36.97        -3.40    20.99    37.96     0.005
   12.88    -6.93    14.65        13.87    -7.94    15.64     0.005
  -11.56   -22.66   -12.90       -10.57   -23.66   -11.89     0.008
  -35.65   -19.99   -41.96       -34.66   -20.98   -40.96     0.004
  -20.04   -22.54   -10.04       -19.05   -23.54    -9.04     0.009
   17.09     1.34    61.41        18.09     0.32    62.41     0.001
  -38.13   -23.71   -21.01       -37.15   -24.69   -20.02     0.003
   -7.46   -17.81    -9.87        -6.46   -18.82    -8.87     0.009
  -31.75     7.58   -38.03       -30.75     6.59   -37.03     0.008
    2.15    19.45    59.49         3.15    18.44    60.48     0.005
  -25.70    -0.50   -48.17       -24.70    -1.49   -47.17     0.007
  -40.48    -7.28   -40.94       -39.48    -8.26   -39.94     0.009
    3.27    20.98    -0.55         4.27    19.98     0.44     0.005
  -19.30    12.56   -33.00       -18.30    11.56   -32.00     0.002
  -15.63    14.20    29.96       -14.64    13.20    30.96     0.007
  -31.20     7.91   -16.61       -30.20     6.92   -15.62     0.005
   -1.16   -14.78    -6.14        -0.17   -15.78    -5.14     0.002
   -9.65   -25.26   -17.58        -8.66   -26.26   -16.58     0.008
  -33.03   -21.76   -11.86       -32.05   -22.75   -10.86     0.004
   -0.04    -8.36   -29.33         0.95    -9.36   -28.34     0.003
  -16.31    12.15   -30.73       -15.32    11.14   -29.74     0.007
   -7.59    -3.73   -43.59        -6.60    -4.74   -42.59     0.005
    9.87    20.73    60.11        10.87    19.73    61.11     0.007
  -35.71    -2.34   -11.91       -34.72    -3.33   -10.91     0.003
   -7.97     5.88    54.79        -6.97     4.88    55.78     0.002
   27.93    -6.85     5.37        28.92    -7.85     6.36     0.016
   24.77    -6.23   -25.87        25.76    -7.24   -24.87     0.006
  -35.30     6.38   -18.21       -34.30     5.38   -17.21     0.005
   25.49    -1.63   -28.45        26.49    -2.64   -27.44     0.011
    1.86    23.09     6.25         2.86    22.09     7.25     0.004
   -0.08    23.05     9.86         0.92    22.06    10.86     0.008
   20.99     8.87    53.26        21.99     7.86    54.26     0.002
   -7.28   -17.49   -42.83        -6.29   -18.49   -41.84     0.004
   14.47    -3.87    50.83        15.46    -4.88    51.82     0.002
  -43.91    -6.72   -20.33       -42.91    -7.70   -19.34     0.006
    7.74    23.42    -7.03         8.75    22.41    -6.04     0.002
    0.99     4.00   -22.80         1.98     2.99   -21.80     0.003
   -9.60   -15.10    -5.98        -8.61   -16.10    -4.99     0.002
   20.30    19.29    32.09        21.30    18.28    33.08     0.002
  -13.69    24.56    22.08       -12.68    23.56    23.07     0.003
  -14.45     7.52   -12.59       -13.45     6.53   -11.59     0.002
  -12.06     9.55    23.63       -11.06     8.55    24.63     0.005
    6.42    -6.26    61.62         7.42    -7.27    62.62     0.010
   -4.00    -9.70     8.89        -3.02   -10.71     9.89     0.004
  -44.15   -12.37   -27.79       -43.16   -13.36   -26.78     0.010
   12.39     3.77   -20.53        13.38     2.76   -19.53     0.002
   34.16    -1.33   -20.24        35.15    -2.35   -19.24     0.005
  -32.53   -24.10   -40.99       -31.54   -25.09   -39.99     0.004
   -9.65     9.16   -14.93        -8.65     8.16   -13.94     0.001
   -3.90    -3.81   -37.99        -2.91    -4.81   -36.99     0.001
    2.16    -6.75    26.81         3.15    -7.75    27.81     0.002
  -22.15   -26.70   -41.61       -21.17   -27.70   -40.61     0.003
   -0.58    17.59     2.28         0.42    16.58     3.28     0.001
   15.25    22.82    34.90        16.25    21.81    35.89     0.003
   28.26    11.53    18.64        29.27    10.51    19.63     0.006
   14.16     1.28   -22.47        15.16     0.27   -21.47     0.004
   -5.72    13.78    58.52        -4.72    12.78    59.51     0.003
    5.73    21.10    -5.94         6.73    20.10    -4.95     0.004
   27.91    -4.23   -26.78        28.90    -5.24   -25.77     0.012
  -31.08     8.13   -37.63       -30.07     7.14   -36.63     0.005
  -16.13   -13.47   -49.18       -15.14   -14.46   -48.18     0.004
  -34.80   -27.02   -32.60       -33.82   -28.01   -31.61     0.005
   29.88    -7.31    -8.09        30.87    -8.32    -7.09     0.007
  -11.84     8.03   -11.13       -10.84     7.04   -10.14     0.001
  -12.18    -7.42   -48.18       -11.19    -8.42   -47.19     0.002
    6.71    -5.96   -23.71         7.70    -6.97   -22.71     0.003
   -1.88   -11.10     3.68        -0.89   -12.10     4.68     0.002
    4.29    -9.36   -24.81         5.28   -10.37   -23.82     0.002
  -31.48   -29.43   -24.27       -30.49   -30.42   -23.27     0.003
   -4.60   -20.30   -36.95        -3.61   -21.31   -35.96     0.007
   26.78     9.29    23.78        27.79     8.28    24.77     0.004
   22.42     4.92   -30.70        23.42     3.91   -29.70     0.008
   17.17    10.17    62.10        18.17     9.16    63.10     0.006
    1.47    19.24    58.49         2.47    18.23    59.48     0.007
  -44.84    -9.57   -24.63       -43.84   -10.55   -23.64     0.005
   14.73    22.23    40.38        15.73    21.22    41.38     0.002
    0.79    -6.18    33.11         1.79    -7.18    34.11     0.002
  -11.32    18.89    36.68       -10.32    17.89    37.68     0.006
   27.16     2.12   -30.53        28.15     1.11   -29.52     0.008
  -25.90   -31.35   -31.48       -24.92   -32.34   -30.48     0.006
   20.57     2.63    48.81        21.57     1.62    49.81     0.002
  -29.30   -17.37   -47.52       -28.31   -18.36   -46.52     0.005
  -30.73   -11.74    -7.12       -29.74   -12.72    -6.12     0.003
  -30.66   -21.28   -44.93       -29.67   -22.27   -43.93     0.003
   28.82    -7.97    -0.51        29.81    -8.98     0.49     0.010
   26.99     0.83    20.43        27.99    -0.19    21.43     0.002
   30.22     1.71    15.51        31.21     0.69    16.51     0.002
  -30.55   -16.24    -8.48       -29.56   -17.23    -7.49     0.003
   -1.57    24.91    19.05        -0.56    23.90    20.05     0.006
   25.66    22.21    10.65        26.67    21.21    11.65     0.008
   22.49    -1.85    26.42        23.48    -2.86    27.41     0.002
    4.80    -5.14    62.14         5.79    -6.14    63.14     0.004
  -27.83   -30.65   -32.73       -26.85   -31.65   -31.74     0.003
  -39.41    -6.46   -12.59       -38.42    -7.45   -11.60     0.006
  -15.55   -29.51   -35.21       -14.57   -30.51   -34.21     0.003
    6.13     6.48   -18.11         7.13     5.48   -17.12     0.004
   -9.82    24.64    18.68        -8.82    23.63    19.67     0.007
    7.47   -15.09    -7.76         8.46   -16.09    -6.76     0.008
    3.28   -16.32   -17.78         4.27   -17.33   -16.79     0.006
   27.14     1.59   -30.27        28.13     0.57   -29.27     0.007
   29.16    18.54   -22.63        30.17    17.52   -21.64     0.004
   35.87    14.12    -1.33        36.88    13.10    -0.33     0.011
    7.66    26.98     3.62         8.67    25.98     4.61     0.009
   -8.98    16.43    11.86        -7.97    15.43    12.85     0.004
  -35.34    -1.83   -11.42       -34.35    -2.82   -10.42     0.003
   17.19    -3.06    42.47        18.19    -4.07    43.47     0.002
  -10.12    -9.68     2.30        -9.13   -10.68     3.29     0.003
  -27.89   -30.33   -33.92       -26.91   -31.32   -32.92     0.005
  -39.70     3.06   -33.83       -38.69     2.06   -32.83     0.010
   23.38     0.48    30.03        24.38    -0.54    31.03     0.003
   11.35    18.57   -29.85        12.35    17.56   -28.86     0.003
   11.38    -5.24    41.97        12.38    -6.25    42.96     0.002
   -0.98   -11.27   -33.05         0.02   -12.27   -32.05     0.006
   22.15    14.02   -31.34        23.15    13.01   -30.35     0.003
   21.62    25.33     6.39        22.62    24.32     7.38     0.004
   11.32    21.59   -25.65        12.32    20.59   -24.66     0.007
   18.29    -4.72    23.73        19.29    -5.73    24.72     0.002
   20.99     3.18    47.44        21.99     2.17    48.44     0.003
   18.12    13.06    61.76        19.12    12.05    62.76     0.006
   -0.13    23.10    10.27         0.87    22.10    11.26     0.002
   -2.86   -13.75   -38.63        -1.86   -14.76   -37.64     0.004
   18.32    22.59    25.46        19.33    21.58    26.45     0.004
  -24.05     6.79   -15.56       -23.05     5.80   -14.57     0.002
  -14.82   -17.75   -46.99       -13.83   -18.74   -45.99     0.002
  -40.77    -8.36   -40.15       -39.77    -9.34   -39.15     0.005
    1.69    -7.86    21.54         2.68    -8.86    22.54     0.002
   -0.25     8.77    62.44         0.75     7.77    63.44     0.004
   33.59    -4.74   -13.55        34.58    -5.75   -12.56     0.004
   27.92    11.50    19.41        28.93    10.49    20.40     0.007
   27.85    -6.36     6.69        28.84    -7.37     7.68     0.008
    1.83   -11.36   -26.71         2.82   -12.36   -25.71     0.002
  -21.15   -31.09   -34.28       -20.17   -32.09   -33.28     0.006
  -12.90    10.35   -19.95       -11.90     9.35   -18.96     0.003
  -36.44     1.58   -14.29       -35.45     0.60   -13.30     0.002
  -36.66   -25.76   -23.49       -35.68   -26.75   -22.49     0.004
   24.94    -1.04   -28.68        25.94    -2.05   -27.68     0.005
  -32.98    10.07   -27.26       -31.97     9.07   -26.26     0.006
   -6.49    -8.25    12.15        -5.50    -9.25    13.14     0.004
