200 PA4-D-Debug-Output.txt
  -25.49   -32.77   -20.87       -24.20   -31.61   -19.23     0.002
  -16.92   -19.04    -7.77       -15.11   -18.06    -6.30     0.001
   16.23    25.39     3.97        18.17    26.46     4.65     0.005
   -9.16   -27.77   -18.86        -7.84   -26.49   -17.93     0.005
  -28.73   -12.79    -8.58       -27.00   -11.91    -6.40     0.003
   17.89    21.78    17.61        20.56    22.62    18.13     0.013
  -12.95   -13.70    -2.16       -10.91   -12.79    -0.79     0.002
   13.85    25.72    -4.58        15.37    26.95    -3.75     0.012
  -13.50   -14.85    -3.92       -11.54   -13.91    -2.54     0.004
  -34.27     0.47   -42.57       -34.36     1.95   -39.80     0.008
   24.63    -2.62    20.55        27.64    -1.77    20.23     0.014
   -4.92    17.42     7.82        -2.68    18.22     9.40     0.002
  -12.77    17.39    36.97        -9.07    17.54    38.90     0.007
  -36.03    -3.35   -13.65       -34.64    -2.45   -10.91     0.002
  -14.53   -24.50   -11.65       -12.87   -23.42   -10.40     0.004
  -11.20    11.85    40.37        -7.27    11.94    42.10     0.008
   10.92    21.51    39.43        14.67    21.84    40.25     0.005
  -18.81    -1.89    -1.17       -16.83    -1.06     0.73     0.002
   19.01    -7.54   -23.83        19.87    -5.89   -23.90     0.004
   23.13    -7.07    12.91        25.81    -6.09    12.59     0.003
    1.15     7.40   -15.88         2.29     8.72   -14.78     0.008
  -27.27    -0.55   -14.63       -25.97     0.45   -12.26     0.001
   -5.77    17.16    50.46        -1.39    17.10    52.01     0.011
   -0.43    -5.86    62.29         4.74    -6.08    63.10     0.004
   -8.88   -22.28   -44.15        -8.87   -20.51   -43.10     0.002
   12.41    24.40    11.86        14.76    25.28    12.71     0.005
   12.01    10.07   -14.35        13.19    11.46   -13.73     0.002
  -11.16     5.04    46.33        -6.87     5.02    47.92     0.011
   -1.31   -13.14     3.73         0.99   -12.23     4.52     0.003
  -12.19   -28.61   -39.95       -11.91   -26.95   -38.87     0.006
   -8.88    -9.58    11.71        -6.19    -8.90    12.94     0.008
   14.28    25.85     2.87        16.16    26.92     3.66     0.006
   -9.50    -1.75    61.66        -4.39    -2.04    63.00     0.005
   33.89    -2.03    10.69        36.40    -0.90     9.94     0.008
    1.48    -8.19    26.09         4.86    -7.68    26.82     0.004
   12.41    22.46   -13.47        13.51    23.85   -12.63     0.011
   -1.76    16.29     2.84         0.23    17.21     4.24     0.005
  -11.83     3.72    26.22        -8.53     4.09    27.84     0.003
   -1.78     7.08   -17.05        -0.69     8.38   -15.80     0.006
  -31.30   -28.88   -39.28       -30.96   -27.42   -37.25     0.003
   18.66    -6.47    19.99        21.70    -5.68    19.90     0.009
  -10.63    -6.24    19.17        -7.60    -5.72    20.54     0.004
   24.87   -10.89     2.29        27.05    -9.68     1.82     0.004
   -9.03    18.14    11.48        -6.60    18.82    13.28     0.010
   33.05    -5.36     6.89        35.40    -4.16     6.13     0.004
    4.88   -16.36   -20.50         5.99   -14.91   -20.04     0.005
   10.98   -15.70     1.38        13.18   -14.61     1.52     0.001
   -1.42    -8.54    26.49         1.98    -8.07    27.35     0.004
   12.51    23.23   -11.72        13.69    24.58   -10.86     0.007
  -15.24   -32.06   -22.43       -14.05   -30.78   -21.28     0.003
    5.81    16.83    -7.75         7.27    18.03    -6.69     0.002
   36.76     0.94     7.42        39.07     2.16     6.60     0.002
  -37.65   -12.92   -45.05       -37.73   -11.42   -42.37     0.003
  -16.05     2.42   -45.00       -16.30     4.13   -43.08     0.006
   16.52    24.14   -13.54        17.60    25.58   -12.87     0.013
  -20.04   -26.91   -12.23       -18.38   -25.86   -10.76     0.003
  -24.40   -26.71   -11.97       -22.73   -25.71   -10.28     0.006
  -14.64   -16.60    -5.92       -12.77   -15.63    -4.52     0.003
   32.12    -7.88   -18.16        33.23    -6.20   -18.89     0.016
  -11.33     4.51    49.45        -6.89     4.43    51.02     0.006
   14.26    18.21   -30.95        14.53    19.95   -30.26     0.006
  -26.50    10.04   -25.12       -25.82    11.25   -22.57     0.004
  -36.13     1.09   -40.29       -36.10     2.50   -37.41     0.009
  -39.19    -0.78   -37.63       -39.01     0.56   -34.65     0.004
   -4.96    16.07     6.74        -2.76    16.88     8.30     0.004
  -37.10   -19.81   -13.57       -35.55   -18.91   -11.10     0.005
   -1.99     8.51   -12.15        -0.67     9.72   -10.86     0.004
   26.56   -12.19   -20.55        27.61   -10.51   -21.08     0.012
   23.13   -12.31    -0.84        25.17   -11.06    -1.25     0.005
  -43.07    -5.25   -33.54       -42.64    -4.03   -30.45     0.008
   -8.77   -22.08   -44.23        -8.77   -20.30   -43.17     0.004
   24.60    22.11   -13.20        25.71    23.61   -12.97     0.008
    5.89    23.57     0.83         7.71    24.61     2.00     0.002
   -8.21     4.33   -32.15        -7.85     5.87   -30.61     0.003
  -39.15    -3.24   -40.37       -39.08    -1.85   -37.43     0.003
   -0.40    -3.28   -27.03         0.28    -1.75   -26.04     0.003
   19.36   -18.24    -9.63        21.01   -16.85    -9.95     0.010
   15.07     8.12   -21.19        15.92     9.68   -20.75     0.005
  -39.94   -11.45   -14.42       -38.50   -10.57   -11.64     0.002
   28.89    -0.91    16.09        31.66     0.07    15.61     0.001
  -14.91     3.81    10.03       -12.42     4.46    11.83     0.002
   30.23    -7.44     7.54        32.63    -6.28     6.87     0.008
  -17.35    20.45    19.48       -14.54    20.89    21.72     0.003
   -3.61    11.11    -3.46        -1.88    12.13    -2.06     0.003
   -5.62   -27.54   -29.33        -4.83   -26.02   -28.57     0.004
  -28.35    -1.18   -46.74       -28.64     0.44   -44.28     0.007
  -34.19   -13.39   -48.35       -34.44   -11.79   -45.85     0.001
   26.87    13.78    15.44        29.49    14.75    15.36     0.001
  -39.07   -13.44   -43.20       -39.06   -11.99   -40.47     0.002
  -24.15   -26.72   -11.91       -22.47   -25.72   -10.23     0.002
  -13.83   -16.66   -49.31       -14.13   -14.84   -47.88     0.002
  -14.31    -0.24   -46.34       -14.60     1.52   -44.56     0.005
   17.46   -11.33     4.47        19.76   -10.24     4.37     0.002
    1.65    -5.48    62.71         6.83    -5.68    63.42     0.004
   28.65    10.39    15.36        31.28    11.38    15.12     0.004
   -9.91    -5.75    23.51        -6.67    -5.30    24.85     0.002
  -10.56   -28.96   -19.10        -9.24   -27.69   -18.13     0.003
  -39.86     0.86   -33.46       -39.49     2.11   -30.41     0.002
  -12.63    11.53    11.83       -10.13    12.17    13.67     0.002
   12.42   -17.75   -11.62        13.99   -16.38   -11.57     0.016
   -8.67     8.87    -0.08        -6.75     9.78     1.52     0.004
  -27.36   -15.93    -8.55       -25.61   -15.03    -6.49     0.002
   33.74    -4.22    -0.77        35.69    -2.86    -1.53     0.009
  -11.80     7.18    32.01        -8.25     7.43    33.69     0.003
   -3.55     0.96    62.33         1.56     0.71    63.44     0.006
  -40.20   -17.18   -37.32       -39.86   -15.85   -34.62     0.001
   -8.60     6.50   -23.10        -7.80     7.86   -21.51     0.002
   17.32    12.26    49.56        21.66    12.47    49.87     0.002
   18.02    17.61    32.46        21.45    18.15    32.87     0.011
  -16.88    21.60    20.04       -14.05    22.03    22.28     0.006
  -26.90    10.36   -28.44       -26.38    11.64   -25.86     0.003
   15.18    20.50    32.59        18.60    21.02    33.19     0.002
   -8.34   -15.10   -46.46        -8.52   -13.28   -45.28     0.002
   27.80    -0.75    17.57        30.65     0.19    17.14     0.001
   -0.84    -1.75   -26.17        -0.13    -0.25   -25.13     0.003
   -9.26     4.31   -36.94        -9.13     5.93   -35.34     0.004
   34.39    12.04     7.36        36.61    13.24     6.87     0.007
   -6.29   -10.16    16.38        -3.37    -9.55    17.46     0.005
  -42.35    -3.52   -21.12       -41.32    -2.54   -18.06     0.002
   22.42     7.07   -30.30        22.82     8.89   -30.22     0.010
  -18.35   -33.31   -33.74       -17.72   -31.83   -32.45     0.002
  -28.37   -14.81    -8.44       -26.62   -13.93    -6.31     0.006
   -2.75    18.42    55.32         1.86    18.29    56.74     0.020
   22.92    13.55   -29.25        23.31    15.35   -29.07     0.005
  -12.16    -2.32    18.53        -9.20    -1.81    20.06     0.002
  -33.28    -0.16   -43.78       -33.42     1.36   -41.07     0.003
   10.42    -4.55    57.09        15.30    -4.57    57.39     0.005
   18.63    16.43    32.77        22.09    16.98    33.12     0.003
    4.38    21.12    38.04         8.08    21.39    39.18     0.024
  -19.47   -28.13   -13.55       -17.87   -27.06   -12.13     0.005
    3.96    -9.87    16.54         6.87    -9.15    17.12     0.002
   17.16     3.85    53.07        21.76     3.99    53.22     0.006
    7.08   -14.66   -20.21         8.20   -13.19   -19.82     0.005
  -22.81     5.98   -42.01       -22.94     7.56   -39.70     0.008
  -38.69    -2.21   -40.30       -38.64    -0.82   -37.36     0.004
   -8.40    -3.85    58.13        -3.46    -4.08    59.38     0.012
    6.65    -6.71    36.60        10.53    -6.36    37.08     0.007
  -32.76     2.38   -41.54       -32.81     3.85   -38.81     0.002
  -12.74    22.07    32.41        -9.31    22.31    34.43     0.007
   26.50   -13.90   -15.58        27.80   -12.32   -16.16     0.008
  -40.73   -21.91   -33.91       -40.18   -20.66   -31.28     0.004
   11.30   -14.99   -17.07        12.57   -13.54   -16.90     0.006
  -17.13    -4.60     2.55       -14.95    -3.82     4.30     0.006
   -2.24    19.47    44.29         1.80    19.57    45.73     0.010
   11.02    -6.44    31.48        14.64    -5.94    31.76     0.004
  -31.86   -11.04   -49.14       -32.17    -9.41   -46.70     0.003
   27.22   -13.09   -17.86        28.39   -11.45   -18.44     0.020
   28.89    19.19    -1.09        30.63    20.50    -1.14     0.007
   36.17     4.28     8.58        38.51     5.48     7.86     0.009
   16.31    22.51   -26.55        16.76    24.18   -25.87     0.005
   14.62   -13.09     3.89        16.92   -12.02     3.90     0.006
  -18.47     8.79   -38.21       -18.44    10.35   -36.06     0.006
    9.58   -17.49    -3.49        11.55   -16.31    -3.31     0.007
   31.66     1.94    13.57        34.29     3.00    13.01     0.005
  -34.91   -17.49   -46.56       -35.03   -15.93   -44.10     0.001
   -8.21   -26.19   -17.80        -6.86   -24.92   -16.89     0.002
  -11.92    14.58    11.91        -9.44    15.23    13.77     0.002
   21.40   -10.54   -23.65        22.29    -8.86   -23.88     0.009
   21.30    -4.86    21.55        24.39    -4.07    21.36     0.003
   19.41    11.51    40.44        23.31    11.91    40.65     0.006
  -22.87     8.98   -37.46       -22.80    10.48   -35.10     0.003
  -43.65   -17.69   -29.16       -42.89   -16.56   -26.30     0.002
    1.67    21.43    32.20         5.08    21.81    33.50     0.003
  -15.35     9.27   -33.03       -15.07    10.76   -31.04     0.002
   11.00   -18.24    -4.74        12.92   -17.03    -4.66     0.009
    0.47   -19.27   -24.93         1.40   -17.78   -24.31     0.002
    8.76    -7.49    24.16        12.03    -6.87    24.54     0.002
   28.02    -4.49   -26.22        28.71    -2.69   -26.67     0.007
   20.98    16.10    25.88        24.10    16.80    26.12     0.001
  -40.93   -19.67   -19.08       -39.66   -18.71   -16.41     0.003
  -43.46    -4.21   -29.60       -42.85    -3.07   -26.49     0.004
   11.26    24.37    -8.00        12.62    25.64    -7.07     0.007
    5.83    -7.20    29.90         9.38    -6.73    30.42     0.007
  -31.01   -29.89   -19.02       -29.65   -28.82   -17.05     0.002
   -2.31    18.38    59.96         2.53    18.17    61.35     0.014
   29.43    -0.48    15.66        32.17     0.51    15.15     0.007
  -35.19    -8.60   -11.01       -33.62    -7.74    -8.42     0.002
   17.93     9.42    50.70        22.36     9.61    50.92     0.007
   14.30    24.24   -11.02        15.51    25.60   -10.23     0.002
   26.43    19.50     9.79        28.72    20.58     9.85     0.008
  -22.57   -21.60    -8.71       -20.78   -20.65    -7.01     0.002
   -4.33   -22.70   -37.71        -4.00   -21.00   -36.90     0.003
   26.10   -10.89     1.52        28.24    -9.66     1.00     0.002
    9.02     8.33   -13.71        10.25     9.69   -12.97     0.002
  -40.04   -11.34   -14.57       -38.62   -10.46   -11.78     0.004
   16.31   -18.64    -7.68        18.07   -17.31    -7.85     0.011
   10.73    21.95   -12.17        11.90    23.30   -11.26     0.006
  -14.95    -4.06   -48.83       -15.34    -2.26   -47.09     0.006
  -29.21   -19.38   -48.60       -29.43   -17.72   -46.47     0.005
  -28.86   -27.20   -43.14       -28.73   -25.65   -41.19     0.001
  -37.29     1.78   -18.70       -36.20     2.77   -15.78     0.005
   -4.81    17.28    57.68        -0.07    17.09    59.17     0.016
   26.09    21.40    -9.86        27.37    22.86    -9.72     0.005
   -9.07    21.41    34.79        -5.51    21.63    36.61     0.003
  -16.65   -11.26   -50.30       -17.04    -9.45   -48.62     0.004
   23.95    14.79    19.60        26.76    15.65    19.68     0.003
   -8.00    -4.49    59.78        -2.97    -4.74    61.00     0.006
   -0.82    -7.09    51.88         3.84    -7.12    52.69     0.011
   13.09    18.72    46.96        17.24    18.93    47.61     0.004
  -15.83   -19.42    -8.40       -14.06   -18.41    -7.00     0.001
