200 PA4-G-Unknown-Output.txt
   20.88    -0.92    55.40        20.06     0.11    55.56     0.016
   21.25    23.23    12.20        21.63    23.62    12.04     0.005
   24.31     4.94   -30.22        25.26     4.66   -30.06     0.010
   13.83    -7.17   -22.18        14.45    -7.18   -22.04     0.005
   30.01     4.17    19.30        29.98     4.54    19.58     0.004
    9.94    22.05   -10.28        10.76    22.25   -10.64     0.014
   -9.17    -4.64    17.48        -9.28    -3.76    17.12     0.005
   13.24   -17.41    -8.84        13.46   -17.23    -8.57     0.008
   -8.67   -18.15    -6.61        -8.49   -17.62    -6.76     0.004
   -5.77    13.90     9.25        -5.46    14.61     8.69     0.006
   -5.89     0.82    48.58        -6.54     2.11    48.20     0.018
   21.95    12.30    49.40        21.45    13.22    49.40     0.005
   -5.43    20.14    37.80        -5.58    21.26    37.15     0.006
   11.72    26.00    -4.06        12.47    26.25    -4.44     0.031
   24.19   -12.01    -3.23        24.38   -11.90    -2.81     0.019
    8.82    23.48    -5.07         9.56    23.76    -5.47     0.022
    2.98    20.58     3.88         3.50    21.08     3.40     0.014
   30.74    -3.63   -25.41        31.48    -3.93   -24.99     0.010
    6.91   -11.88    10.67         6.83   -11.31    10.72     0.010
  -19.21     9.70   -18.93       -18.40    10.18   -19.68     0.007
  -20.59   -21.30    -6.62       -20.45   -20.60    -6.98     0.015
   37.44     1.55   -13.89        38.03     1.33   -13.42     0.009
   -6.94     5.41    38.75        -7.32     6.57    38.27     0.007
  -21.13    10.77   -19.34       -20.29    11.28   -20.16     0.007
   23.93    24.23    -6.56        24.68    24.29    -6.68     0.016
   16.97    25.42   -15.59        17.93    25.42   -15.86     0.028
  -30.96   -20.13   -44.91       -30.06   -19.85   -45.46     0.003
  -18.83   -32.26   -32.30       -18.35   -31.96   -32.44     0.008
   23.75    -8.48     6.05        23.81    -8.23     6.40     0.015
   -9.94   -28.98   -20.90        -9.64   -28.64   -20.92     0.007
   19.28     4.01    62.73        18.41     5.16    62.78     0.005
   21.39   -13.72    -3.60        21.57   -13.58    -3.22     0.017
   17.60    -7.36    18.42        17.44    -6.84    18.63     0.006
   -9.12     6.08   -29.29        -8.16     6.28   -29.79     0.008
   34.69     7.31   -19.79        35.47     7.05   -19.45     0.012
   27.68     3.34    25.68        27.51     3.84    25.92     0.010
  -11.06     1.43    17.52       -11.07     2.34    17.03     0.004
  -36.57     1.43   -13.95       -35.97     2.23   -14.93     0.009
  -27.61   -11.26   -47.71       -26.53   -11.08   -48.33     0.008
    7.78    -8.04    48.71         7.02    -6.90    48.71     0.026
  -34.01     6.43   -32.42       -32.99     6.94   -33.43     0.015
  -16.60   -17.41   -46.87       -15.63   -17.36   -47.18     0.005
   -1.12    -0.79   -25.36        -0.33    -0.64   -25.61     0.007
   28.23    -1.01    20.47        28.12    -0.60    20.80     0.008
  -30.75   -30.75   -20.91       -30.46   -30.11   -21.32     0.019
   28.57    -9.87   -20.76        29.13   -10.08   -20.30     0.015
    4.43    17.67    56.59         3.86    18.97    56.17     0.026
   12.12    24.53    -9.26        12.95    24.71    -9.60     0.018
   33.97     1.34    12.92        34.03     1.57    13.32     0.005
   10.26    26.03     6.48        10.80    26.47     6.06     0.010
   -7.97    12.85    40.35        -8.26    14.05    39.74     0.018
   18.15    -8.04    13.77        18.06    -7.60    14.00     0.008
    7.80    -3.83    63.44         6.81    -2.51    63.38     0.007
   30.18    18.59   -18.27        31.09    18.40   -18.18     0.010
   34.79    -4.35     7.33        34.89    -4.23     7.83     0.018
   -4.79    -3.37    42.16        -5.36    -2.19    41.86     0.006
  -14.06    21.52    24.33       -13.94    22.57    23.49     0.013
  -15.94    17.71    24.33       -15.86    18.78    23.51     0.006
  -28.64    10.56   -24.15       -27.72    11.10   -25.11     0.008
   -6.33     5.70    50.74        -6.95     7.03    50.28     0.011
   31.54    18.84     1.20        32.07    18.91     1.31     0.007
   18.28    -5.60    37.30        17.76    -4.79    37.48     0.013
   25.90    22.66   -18.59        26.87    22.53   -18.64     0.010
   39.20     6.92    -6.24        39.71     6.79    -5.81     0.009
   -9.79     8.16   -18.52        -9.01     8.53   -19.07     0.005
   -6.34    14.98    11.74        -6.05    15.74    11.15     0.005
  -15.96   -27.43   -40.04       -15.26   -27.29   -40.19     0.008
  -35.85   -25.85   -34.66       -35.23   -25.36   -35.23     0.004
   28.73    -7.51     7.41        28.78    -7.32     7.85     0.027
   -1.08    -5.28   -28.38        -0.30    -5.17   -28.57     0.008
  -18.88    -3.00    -1.84       -18.58    -2.27    -2.41     0.006
  -15.11    11.64    25.09       -15.11    12.72    24.37     0.018
   -5.51   -13.46     1.50        -5.43   -12.86     1.34     0.005
    4.93    18.49    50.28         4.51    19.66    49.86     0.007
   -8.24     2.98    28.55        -8.44     4.01    28.09     0.006
   29.89     3.33   -28.00        30.79     3.00   -27.71     0.018
   14.48    -7.57    21.12        14.26    -6.96    21.27     0.003
   -0.84    -6.86    63.02        -1.86    -5.42    62.83     0.015
   28.34     0.61   -28.66        29.21     0.29   -28.36     0.018
   38.01     6.10   -11.09        38.59     5.91   -10.66     0.015
    3.15    18.25    48.19         2.76    19.44    47.73     0.028
    0.47    21.60    12.34         0.83    22.28    11.78     0.009
  -36.00   -27.13   -31.40       -35.46   -26.59   -31.95     0.005
    0.54   -10.86   -28.11         1.23   -10.78   -28.18     0.004
   -3.78    21.98    33.71        -3.82    23.04    33.07     0.014
   19.24   -13.44   -18.51        19.70   -13.49   -18.19     0.019
   -0.65     9.27   -11.27        -0.00     9.60   -11.65     0.009
  -10.99   -26.23   -14.14       -10.79   -25.77   -14.23     0.013
   -7.89    -6.73    17.89        -8.03    -5.86    17.58     0.004
   30.59    15.58   -21.74        31.53    15.35   -21.61     0.012
   10.64    20.11    46.38        10.31    21.14    46.04     0.007
   34.61    15.06    -4.35        35.19    15.01    -4.13     0.011
   24.34    16.69    24.68        24.40    17.22    24.67     0.010
   -5.75    -0.68    41.66        -6.27     0.51    41.30     0.006
   12.76    -7.10    38.31        12.21    -6.20    38.40     0.006
    2.08    -9.65    24.10         1.76    -8.80    24.03     0.020
  -35.09    -8.69    -7.83       -34.75    -7.81    -8.63     0.009
  -37.66   -25.55   -20.20       -37.31   -24.81   -20.82     0.008
   -4.72    12.98     6.72        -4.37    13.64     6.19     0.007
  -16.27     8.17   -16.45       -15.53     8.65   -17.13     0.005
   12.98    -7.51    60.27        11.99    -6.28    60.37     0.024
   18.86    -6.94    19.31        18.69    -6.43    19.53     0.011
   25.82   -11.47    -2.75        26.01   -11.38    -2.32     0.020
   24.12   -12.64    -4.04        24.32   -12.55    -3.61     0.024
   19.36    16.68   -30.47        20.48    16.47   -30.56     0.009
   18.76    25.63   -14.60        19.70    25.61   -14.84     0.030
  -31.62     6.06   -14.93       -30.93     6.78   -15.88     0.007
  -38.21   -18.41   -12.33       -37.92   -17.56   -13.06     0.009
  -34.95     5.10   -17.59       -34.24     5.82   -18.59     0.011
   -4.67   -16.83   -39.69        -3.83   -16.85   -39.78     0.005
    0.66   -13.96   -27.48         1.30   -13.87   -27.50     0.005
   27.14     2.95    27.38        26.93     3.48    27.62     0.014
   40.12     4.52    -5.23        40.57     4.39    -4.75     0.012
   -7.44    14.04    12.11        -7.19    14.83    11.50     0.010
   -6.12     2.25    50.90        -6.77     3.58    50.49     0.007
  -28.68   -27.35   -12.05       -28.51   -26.62   -12.47     0.011
   -6.03   -10.57     9.60        -6.06    -9.85     9.39     0.004
   32.05    17.96   -12.29        32.82    17.83   -12.16     0.011
   -3.23    -6.00    38.78        -3.77    -4.88    38.54     0.006
   -0.03    16.48     4.36         0.41    17.04     3.87     0.005
   12.10    -7.38    49.03        11.34    -6.33    49.11     0.006
  -37.01    -1.41   -12.68       -36.47    -0.59   -13.63     0.007
  -38.21   -14.72   -41.57       -37.30   -14.30   -42.35     0.005
   -8.98   -22.65   -10.96        -8.78   -22.19   -11.05     0.002
   15.36    19.87   -30.13        16.52    19.71   -30.35     0.009
    7.83    20.31    39.18         7.65    21.29    38.78     0.014
   -5.54    22.47    33.60        -5.57    23.55    32.92     0.016
   18.45    20.13    36.73        18.31    20.91    36.54     0.003
  -35.67    -3.53   -42.38       -34.59    -3.16   -43.27     0.012
  -26.87    -1.95   -46.21       -25.69    -1.76   -46.95     0.008
   16.59    -7.09   -22.48        17.22    -7.14   -22.30     0.006
  -11.09     6.25   -35.40       -10.00     6.40   -35.95     0.013
    3.37    22.50     8.42         3.83    23.07     7.91     0.006
    1.27   -18.70   -22.51         1.75   -18.54   -22.45     0.003
  -25.34   -30.33   -36.31       -24.75   -30.01   -36.61     0.003
    4.15    10.26   -11.23         4.81    10.53   -11.54     0.011
   -2.74    14.20    51.40        -3.26    15.50    50.88     0.020
   26.35    -5.58    14.07        26.30    -5.25    14.42     0.015
   29.28    -9.55    -9.99        29.64    -9.62    -9.51     0.019
  -21.14   -32.71   -21.76       -20.87   -32.22   -21.95     0.013
  -16.74   -23.60   -43.67       -15.91   -23.51   -43.90     0.001
  -20.84     5.03   -13.49       -20.20     5.62   -14.21     0.005
   25.73   -12.59    -5.83        25.97   -12.55    -5.38     0.026
   15.76    -5.89    58.93        14.81    -4.72    59.06     0.019
   -1.28    21.85    32.93        -1.32    22.85    32.34     0.006
   25.90    -6.58    11.85        25.87    -6.28    12.21     0.017
  -27.83   -14.51   -47.25       -26.80   -14.32   -47.83     0.005
   25.19    23.63     1.78        25.77    23.80     1.69     0.013
   -6.10     0.77    40.12        -6.58     1.93    39.73     0.014
   -9.81   -27.62   -35.05        -9.22   -27.49   -35.07     0.009
   38.64     0.97    -5.51        39.07     0.84    -5.00     0.028
   18.22   -10.81     5.27        18.27   -10.49     5.54     0.009
   19.48     0.50   -24.79        20.27     0.37   -24.66     0.006
   12.13    21.55   -25.86        13.26    21.47   -26.19     0.038
   28.88    12.06    18.47        28.99    12.44    18.61     0.004
   -3.97    -3.82   -31.89        -3.09    -3.73   -32.15     0.008
   37.31     9.80    -9.42        37.92     9.64    -9.07     0.011
    6.81    23.31    20.86         7.03    24.01    20.41     0.006
  -16.40   -17.57   -46.82       -15.43   -17.53   -47.12     0.004
  -13.11   -24.28   -10.54       -12.95   -23.74   -10.70     0.018
  -43.27   -17.21   -23.49       -42.73   -16.45   -24.33     0.008
  -41.99   -15.39   -29.11       -41.34   -14.73   -29.96     0.013
   -5.93     9.45    48.03        -6.44    10.74    47.51     0.006
   25.25     8.04    34.97        24.96     8.71    35.09     0.016
  -14.54     0.36   -44.30       -13.36     0.42   -44.84     0.013
  -13.37   -25.84   -11.57       -13.21   -25.31   -11.70     0.005
    2.49    11.71    -7.16         3.09    12.06    -7.52     0.007
   10.87    17.09   -23.68        11.88    17.10   -23.95     0.014
   13.85    10.26    63.25        13.06    11.49    63.10     0.007
  -20.33   -13.84    -4.35       -20.13   -13.11    -4.81     0.012
   11.15    21.31    34.54        11.08    22.15    34.19     0.006
   -6.28     1.17    37.92        -6.70     2.31    37.52     0.008
   29.93    19.16   -17.90        30.84    18.99   -17.83     0.009
    5.63    19.83    -3.47         6.29    20.18    -3.88     0.018
  -32.30   -24.29   -40.67       -31.54   -23.93   -41.18     0.004
   -7.93    14.30    12.92        -7.69    15.10    12.31     0.007
   -3.19    15.22     7.71        -2.83    15.88     7.18     0.006
   24.82     3.56    37.26        24.43     4.27    37.44     0.004
   12.32    21.52    33.92        12.25    22.35    33.60     0.003
   -2.90    -5.79    45.07        -3.55    -4.58    44.83     0.012
  -29.29   -18.36   -46.01       -28.35   -18.13   -46.56     0.006
   19.18   -15.34    -4.02        19.34   -15.17    -3.65     0.015
  -19.59   -30.31   -15.11       -19.42   -29.74   -15.31     0.019
   -7.89   -17.81    -6.17        -7.72   -17.29    -6.32     0.002
   -9.11   -27.25   -34.90        -8.52   -27.12   -34.92     0.011
   -9.07     2.37    25.10        -9.22     3.36    24.63     0.005
   -0.38    -7.98    34.58        -0.86    -6.96    34.43     0.015
   -4.23   -22.21   -15.02        -3.96   -21.86   -15.03     0.007
   18.56    -6.53    24.92        18.28    -5.93    25.13     0.010
   13.25    13.17   -14.70        14.03    13.27   -14.87     0.016
   13.71    -7.63   -22.08        14.33    -7.64   -21.94     0.005
   -7.18     2.54    32.66        -7.47     3.61    32.23     0.008
  -10.78   -22.87   -10.64       -10.59   -22.36   -10.77     0.005
  -30.26   -27.88   -37.86       -29.61   -27.50   -38.28     0.007
  -16.05    17.63    24.69       -15.98    18.71    23.86     0.010
    0.31    18.26    45.03        -0.02    19.43    44.52     0.011
  -13.19     0.77    10.00       -13.07     1.60     9.47     0.005
   27.20    -0.98    23.35        27.02    -0.51    23.65     0.005
  -11.69    10.25    16.22       -11.57    11.15    15.59     0.005
   -7.12     7.94   -15.01        -6.42     8.31   -15.51     0.005
