20 PA3-J-Unknown-Answer.txt 0
  -14.54    28.02    28.75       -12.77    23.66    27.98     4.769
   28.34    -0.55    13.98        29.84    -2.66    15.30     2.907
   12.06    21.68   -30.24        12.56    21.10   -29.19     1.301
   -4.62    -3.28   -28.27        -2.59    -2.19   -29.59     2.658
   -9.43   -10.00     0.92       -10.17   -11.08     2.26     1.877
   24.91    24.62     5.36        24.63    24.04     5.27     0.649
   -0.49    20.73     3.85         1.31    19.48     5.19     2.570
   -2.85    -2.42    41.17        -4.38    -3.57    41.00     1.920
  -33.56     9.14   -38.09       -31.93     6.09   -36.64     3.749
  -36.11    -7.37    -5.74       -35.10    -8.77    -8.23     3.036
   10.02    23.69   -28.64        12.40    21.66   -28.81     3.136
  -45.73   -14.61   -25.71       -43.62   -14.05   -25.86     2.185
    8.77    -0.32   -20.79         8.89    -0.05   -21.19     0.501
  -10.05    11.00   -16.31        -9.84     8.19   -16.49     2.820
   17.43    -0.70    35.21        19.03    -4.26    35.43     3.902
   -9.75     9.76    31.69       -10.09     9.39    31.82     0.522
  -29.02   -13.81    -5.06       -28.96   -13.41    -6.17     1.178
  -23.30    15.91   -21.55       -22.80    11.85   -21.81     4.090
   27.76    21.02   -17.84        28.23    21.68   -18.04     0.839
   19.83     4.95    45.76        22.77     4.36    46.30     3.041
