20 PA3-G-Unknown-Answer.txt 0
  -20.58    -9.81    -7.88       -22.18   -10.44    -4.42     3.857
   -1.51    -4.44    38.14        -1.98    -5.86    38.30     1.516
   22.65   -12.57   -23.44        23.36   -11.17   -22.07     2.076
  -11.35   -31.08   -39.52       -12.67   -28.06   -37.80     3.718
    0.14    15.25    56.69        -1.00    16.69    56.72     1.838
   39.47    -3.33   -19.19        35.63    -2.49   -17.97     4.115
    2.68   -21.07   -33.83        -0.87   -19.53   -33.67     3.867
   14.03     5.15    60.46        13.85     5.24    63.03     2.575
  -26.12   -33.17   -29.93       -25.89   -32.19   -29.91     1.011
   19.11    -5.45    43.03        18.16    -4.10    43.06     1.645
   -2.35   -25.58   -38.59        -5.38   -23.15   -36.51     4.404
   25.04    17.85    25.00        24.31    17.37    24.71     0.926
    9.50    -6.12   -25.31         8.77    -5.49   -22.38     3.083
   40.24    -1.25     7.25        38.26    -0.44     6.46     2.283
   17.56    -4.94    55.32        16.54    -3.95    55.23     1.418
  -22.93   -17.66   -50.03       -22.94   -16.92   -48.04     2.124
   -6.46    24.01    20.45        -6.46    24.14    20.42     0.140
  -10.98   -23.68   -46.64       -12.31   -22.53   -43.65     3.473
  -30.35   -29.14   -20.33       -30.71   -29.72   -20.20     0.699
    9.34    -8.40    24.42         9.21    -7.21    24.30     1.201
