20 PA3-H-Unknown=-Answer.txt 0
   10.01     6.04    63.28        10.01     6.03    62.88     0.400
   -1.68    20.12    50.71        -0.28    18.08    50.45     2.489
    6.80    -9.99   -21.87         7.23   -10.29   -22.65     0.937
  -18.31   -13.67   -48.37       -18.21   -13.70   -48.81     0.450
   25.53    10.92    27.46        26.30    11.16    27.68     0.830
  -19.40    -8.92    -2.42       -19.20    -8.91    -2.95     0.561
    9.93    23.75    26.32         9.92    23.20    26.26     0.555
   19.70     3.31    52.69        21.47     2.58    52.98     1.944
  -23.88    -0.32    -8.15       -23.09    -1.10    -9.02     1.409
    9.47    -3.62    29.22         9.84    -6.74    29.43     3.148
  -10.95    19.18    38.05       -10.27    18.92    37.35     1.013
  -42.16   -17.48   -22.91       -42.14   -17.48   -22.91     0.017
   19.16    22.96    23.21        18.97    22.38    23.18     0.615
   10.50    -3.61    49.27        10.92    -6.37    49.34     2.798
   -6.90    -7.74    16.18        -6.81    -7.65    16.16     0.122
   20.28    13.35    51.57        20.87    13.73    51.67     0.715
   37.71    11.13     1.45        38.14    11.40     1.45     0.501
    7.63    12.42    63.32         7.63    12.42    63.21     0.112
   20.22    25.57    13.62        19.75    23.99    13.28     1.688
   28.80    -3.95   -24.88        28.70    -3.91   -26.03     1.155
